/*---------------------------------------------------------------------------*\
| =========                 |                                                 |
| \\      /  F ield         | OpenFOAM: The Open Source CFD Toolbox           |
|  \\    /   O peration     | Version:  1.3                                   |
|   \\  /    A nd           | Web:      http://www.openfoam.org               |
|    \\/     M anipulation  |                                                 |
\*---------------------------------------------------------------------------*/

FoamFile
{
    version 2.0;
    format ascii;

    root "/home/Luca/OpenFOAM/Luca-1.3/run/tests/Forwardstep";
    case "step_central";
    instance ""constant"";
    local "polyMesh";

    class labelList;

    note "nCells:5040 nActiveFaces:20330 nActivePoints:10422";

    object neighbour;
}

// * * * * * * * * * * * * * * * * * * * * * * * * * * * * * * * * * * * * * //


20330
(
1
24
2
25
3
26
4
27
5
28
6
29
7
30
8
31
9
32
10
33
11
34
12
35
13
36
14
37
15
38
16
39
17
40
18
41
19
42
20
43
21
44
22
45
23
46
47
25
48
26
49
27
50
28
51
29
52
30
53
31
54
32
55
33
56
34
57
35
58
36
59
37
60
38
61
39
62
40
63
41
64
42
65
43
66
44
67
45
68
46
69
47
70
71
49
72
50
73
51
74
52
75
53
76
54
77
55
78
56
79
57
80
58
81
59
82
60
83
61
84
62
85
63
86
64
87
65
88
66
89
67
90
68
91
69
92
70
93
71
94
95
73
96
74
97
75
98
76
99
77
100
78
101
79
102
80
103
81
104
82
105
83
106
84
107
85
108
86
109
87
110
88
111
89
112
90
113
91
114
92
115
93
116
94
117
95
118
119
97
120
98
121
99
122
100
123
101
124
102
125
103
126
104
127
105
128
106
129
107
130
108
131
109
132
110
133
111
134
112
135
113
136
114
137
115
138
116
139
117
140
118
141
119
142
143
121
144
122
145
123
146
124
147
125
148
126
149
127
150
128
151
129
152
130
153
131
154
132
155
133
156
134
157
135
158
136
159
137
160
138
161
139
162
140
163
141
164
142
165
143
166
167
145
168
146
169
147
170
148
171
149
172
150
173
151
174
152
175
153
176
154
177
155
178
156
179
157
180
158
181
159
182
160
183
161
184
162
185
163
186
164
187
165
188
166
189
167
190
191
169
192
170
193
171
194
172
195
173
196
174
197
175
198
176
199
177
200
178
201
179
202
180
203
181
204
182
205
183
206
184
207
185
208
186
209
187
210
188
211
189
212
190
213
191
214
215
193
216
194
217
195
218
196
219
197
220
198
221
199
222
200
223
201
224
202
225
203
226
204
227
205
228
206
229
207
230
208
231
209
232
210
233
211
234
212
235
213
236
214
237
215
238
239
217
240
218
241
219
242
220
243
221
244
222
245
223
246
224
247
225
248
226
249
227
250
228
251
229
252
230
253
231
254
232
255
233
256
234
257
235
258
236
259
237
260
238
261
239
262
263
241
264
242
265
243
266
244
267
245
268
246
269
247
270
248
271
249
272
250
273
251
274
252
275
253
276
254
277
255
278
256
279
257
280
258
281
259
282
260
283
261
284
262
285
263
286
287
1200
265
288
266
289
267
290
268
291
269
292
270
293
271
294
272
295
273
296
274
297
275
298
276
299
277
300
278
301
279
302
280
303
281
304
282
305
283
306
284
307
285
308
286
309
287
310
311
1296
289
312
290
313
291
314
292
315
293
316
294
317
295
318
296
319
297
320
298
321
299
322
300
323
301
324
302
325
303
326
304
327
305
328
306
329
307
330
308
331
309
332
310
333
311
334
335
1392
313
336
314
337
315
338
316
339
317
340
318
341
319
342
320
343
321
344
322
345
323
346
324
347
325
348
326
349
327
350
328
351
329
352
330
353
331
354
332
355
333
356
334
357
335
358
359
1488
337
360
338
361
339
362
340
363
341
364
342
365
343
366
344
367
345
368
346
369
347
370
348
371
349
372
350
373
351
374
352
375
353
376
354
377
355
378
356
379
357
380
358
381
359
382
383
1584
361
384
362
385
363
386
364
387
365
388
366
389
367
390
368
391
369
392
370
393
371
394
372
395
373
396
374
397
375
398
376
399
377
400
378
401
379
402
380
403
381
404
382
405
383
406
407
1680
385
408
386
409
387
410
388
411
389
412
390
413
391
414
392
415
393
416
394
417
395
418
396
419
397
420
398
421
399
422
400
423
401
424
402
425
403
426
404
427
405
428
406
429
407
430
431
1776
409
432
410
433
411
434
412
435
413
436
414
437
415
438
416
439
417
440
418
441
419
442
420
443
421
444
422
445
423
446
424
447
425
448
426
449
427
450
428
451
429
452
430
453
431
454
455
1872
433
456
434
457
435
458
436
459
437
460
438
461
439
462
440
463
441
464
442
465
443
466
444
467
445
468
446
469
447
470
448
471
449
472
450
473
451
474
452
475
453
476
454
477
455
478
479
1968
457
480
458
481
459
482
460
483
461
484
462
485
463
486
464
487
465
488
466
489
467
490
468
491
469
492
470
493
471
494
472
495
473
496
474
497
475
498
476
499
477
500
478
501
479
502
503
2064
481
504
482
505
483
506
484
507
485
508
486
509
487
510
488
511
489
512
490
513
491
514
492
515
493
516
494
517
495
518
496
519
497
520
498
521
499
522
500
523
501
524
502
525
503
526
527
2160
505
528
506
529
507
530
508
531
509
532
510
533
511
534
512
535
513
536
514
537
515
538
516
539
517
540
518
541
519
542
520
543
521
544
522
545
523
546
524
547
525
548
526
549
527
550
551
2256
529
552
530
553
531
554
532
555
533
556
534
557
535
558
536
559
537
560
538
561
539
562
540
563
541
564
542
565
543
566
544
567
545
568
546
569
547
570
548
571
549
572
550
573
551
574
575
2352
553
576
554
577
555
578
556
579
557
580
558
581
559
582
560
583
561
584
562
585
563
586
564
587
565
588
566
589
567
590
568
591
569
592
570
593
571
594
572
595
573
596
574
597
575
598
599
2448
577
600
578
601
579
602
580
603
581
604
582
605
583
606
584
607
585
608
586
609
587
610
588
611
589
612
590
613
591
614
592
615
593
616
594
617
595
618
596
619
597
620
598
621
599
622
623
2544
601
624
602
625
603
626
604
627
605
628
606
629
607
630
608
631
609
632
610
633
611
634
612
635
613
636
614
637
615
638
616
639
617
640
618
641
619
642
620
643
621
644
622
645
623
646
647
2640
625
648
626
649
627
650
628
651
629
652
630
653
631
654
632
655
633
656
634
657
635
658
636
659
637
660
638
661
639
662
640
663
641
664
642
665
643
666
644
667
645
668
646
669
647
670
671
2736
649
672
650
673
651
674
652
675
653
676
654
677
655
678
656
679
657
680
658
681
659
682
660
683
661
684
662
685
663
686
664
687
665
688
666
689
667
690
668
691
669
692
670
693
671
694
695
2832
673
696
674
697
675
698
676
699
677
700
678
701
679
702
680
703
681
704
682
705
683
706
684
707
685
708
686
709
687
710
688
711
689
712
690
713
691
714
692
715
693
716
694
717
695
718
719
2928
697
720
698
721
699
722
700
723
701
724
702
725
703
726
704
727
705
728
706
729
707
730
708
731
709
732
710
733
711
734
712
735
713
736
714
737
715
738
716
739
717
740
718
741
719
742
743
3024
721
744
722
745
723
746
724
747
725
748
726
749
727
750
728
751
729
752
730
753
731
754
732
755
733
756
734
757
735
758
736
759
737
760
738
761
739
762
740
763
741
764
742
765
743
766
767
3120
745
768
746
769
747
770
748
771
749
772
750
773
751
774
752
775
753
776
754
777
755
778
756
779
757
780
758
781
759
782
760
783
761
784
762
785
763
786
764
787
765
788
766
789
767
790
791
3216
769
792
770
793
771
794
772
795
773
796
774
797
775
798
776
799
777
800
778
801
779
802
780
803
781
804
782
805
783
806
784
807
785
808
786
809
787
810
788
811
789
812
790
813
791
814
815
3312
793
816
794
817
795
818
796
819
797
820
798
821
799
822
800
823
801
824
802
825
803
826
804
827
805
828
806
829
807
830
808
831
809
832
810
833
811
834
812
835
813
836
814
837
815
838
839
3408
817
840
818
841
819
842
820
843
821
844
822
845
823
846
824
847
825
848
826
849
827
850
828
851
829
852
830
853
831
854
832
855
833
856
834
857
835
858
836
859
837
860
838
861
839
862
863
3504
841
864
842
865
843
866
844
867
845
868
846
869
847
870
848
871
849
872
850
873
851
874
852
875
853
876
854
877
855
878
856
879
857
880
858
881
859
882
860
883
861
884
862
885
863
886
887
3600
865
888
866
889
867
890
868
891
869
892
870
893
871
894
872
895
873
896
874
897
875
898
876
899
877
900
878
901
879
902
880
903
881
904
882
905
883
906
884
907
885
908
886
909
887
910
911
3696
889
912
890
913
891
914
892
915
893
916
894
917
895
918
896
919
897
920
898
921
899
922
900
923
901
924
902
925
903
926
904
927
905
928
906
929
907
930
908
931
909
932
910
933
911
934
935
3792
913
936
914
937
915
938
916
939
917
940
918
941
919
942
920
943
921
944
922
945
923
946
924
947
925
948
926
949
927
950
928
951
929
952
930
953
931
954
932
955
933
956
934
957
935
958
959
3888
937
960
938
961
939
962
940
963
941
964
942
965
943
966
944
967
945
968
946
969
947
970
948
971
949
972
950
973
951
974
952
975
953
976
954
977
955
978
956
979
957
980
958
981
959
982
983
3984
961
984
962
985
963
986
964
987
965
988
966
989
967
990
968
991
969
992
970
993
971
994
972
995
973
996
974
997
975
998
976
999
977
1000
978
1001
979
1002
980
1003
981
1004
982
1005
983
1006
1007
4080
985
1008
986
1009
987
1010
988
1011
989
1012
990
1013
991
1014
992
1015
993
1016
994
1017
995
1018
996
1019
997
1020
998
1021
999
1022
1000
1023
1001
1024
1002
1025
1003
1026
1004
1027
1005
1028
1006
1029
1007
1030
1031
4176
1009
1032
1010
1033
1011
1034
1012
1035
1013
1036
1014
1037
1015
1038
1016
1039
1017
1040
1018
1041
1019
1042
1020
1043
1021
1044
1022
1045
1023
1046
1024
1047
1025
1048
1026
1049
1027
1050
1028
1051
1029
1052
1030
1053
1031
1054
1055
4272
1033
1056
1034
1057
1035
1058
1036
1059
1037
1060
1038
1061
1039
1062
1040
1063
1041
1064
1042
1065
1043
1066
1044
1067
1045
1068
1046
1069
1047
1070
1048
1071
1049
1072
1050
1073
1051
1074
1052
1075
1053
1076
1054
1077
1055
1078
1079
4368
1057
1080
1058
1081
1059
1082
1060
1083
1061
1084
1062
1085
1063
1086
1064
1087
1065
1088
1066
1089
1067
1090
1068
1091
1069
1092
1070
1093
1071
1094
1072
1095
1073
1096
1074
1097
1075
1098
1076
1099
1077
1100
1078
1101
1079
1102
1103
4464
1081
1104
1082
1105
1083
1106
1084
1107
1085
1108
1086
1109
1087
1110
1088
1111
1089
1112
1090
1113
1091
1114
1092
1115
1093
1116
1094
1117
1095
1118
1096
1119
1097
1120
1098
1121
1099
1122
1100
1123
1101
1124
1102
1125
1103
1126
1127
4560
1105
1128
1106
1129
1107
1130
1108
1131
1109
1132
1110
1133
1111
1134
1112
1135
1113
1136
1114
1137
1115
1138
1116
1139
1117
1140
1118
1141
1119
1142
1120
1143
1121
1144
1122
1145
1123
1146
1124
1147
1125
1148
1126
1149
1127
1150
1151
4656
1129
1152
1130
1153
1131
1154
1132
1155
1133
1156
1134
1157
1135
1158
1136
1159
1137
1160
1138
1161
1139
1162
1140
1163
1141
1164
1142
1165
1143
1166
1144
1167
1145
1168
1146
1169
1147
1170
1148
1171
1149
1172
1150
1173
1151
1174
1175
4752
1153
1176
1154
1177
1155
1178
1156
1179
1157
1180
1158
1181
1159
1182
1160
1183
1161
1184
1162
1185
1163
1186
1164
1187
1165
1188
1166
1189
1167
1190
1168
1191
1169
1192
1170
1193
1171
1194
1172
1195
1173
1196
1174
1197
1175
1198
1199
4848
1177
1178
1179
1180
1181
1182
1183
1184
1185
1186
1187
1188
1189
1190
1191
1192
1193
1194
1195
1196
1197
1198
1199
4944
1201
1296
1202
1297
1203
1298
1204
1299
1205
1300
1206
1301
1207
1302
1208
1303
1209
1304
1210
1305
1211
1306
1212
1307
1213
1308
1214
1309
1215
1310
1216
1311
1217
1312
1218
1313
1219
1314
1220
1315
1221
1316
1222
1317
1223
1318
1224
1319
1225
1320
1226
1321
1227
1322
1228
1323
1229
1324
1230
1325
1231
1326
1232
1327
1233
1328
1234
1329
1235
1330
1236
1331
1237
1332
1238
1333
1239
1334
1240
1335
1241
1336
1242
1337
1243
1338
1244
1339
1245
1340
1246
1341
1247
1342
1248
1343
1249
1344
1250
1345
1251
1346
1252
1347
1253
1348
1254
1349
1255
1350
1256
1351
1257
1352
1258
1353
1259
1354
1260
1355
1261
1356
1262
1357
1263
1358
1264
1359
1265
1360
1266
1361
1267
1362
1268
1363
1269
1364
1270
1365
1271
1366
1272
1367
1273
1368
1274
1369
1275
1370
1276
1371
1277
1372
1278
1373
1279
1374
1280
1375
1281
1376
1282
1377
1283
1378
1284
1379
1285
1380
1286
1381
1287
1382
1288
1383
1289
1384
1290
1385
1291
1386
1292
1387
1293
1388
1294
1389
1295
1390
1391
1297
1392
1298
1393
1299
1394
1300
1395
1301
1396
1302
1397
1303
1398
1304
1399
1305
1400
1306
1401
1307
1402
1308
1403
1309
1404
1310
1405
1311
1406
1312
1407
1313
1408
1314
1409
1315
1410
1316
1411
1317
1412
1318
1413
1319
1414
1320
1415
1321
1416
1322
1417
1323
1418
1324
1419
1325
1420
1326
1421
1327
1422
1328
1423
1329
1424
1330
1425
1331
1426
1332
1427
1333
1428
1334
1429
1335
1430
1336
1431
1337
1432
1338
1433
1339
1434
1340
1435
1341
1436
1342
1437
1343
1438
1344
1439
1345
1440
1346
1441
1347
1442
1348
1443
1349
1444
1350
1445
1351
1446
1352
1447
1353
1448
1354
1449
1355
1450
1356
1451
1357
1452
1358
1453
1359
1454
1360
1455
1361
1456
1362
1457
1363
1458
1364
1459
1365
1460
1366
1461
1367
1462
1368
1463
1369
1464
1370
1465
1371
1466
1372
1467
1373
1468
1374
1469
1375
1470
1376
1471
1377
1472
1378
1473
1379
1474
1380
1475
1381
1476
1382
1477
1383
1478
1384
1479
1385
1480
1386
1481
1387
1482
1388
1483
1389
1484
1390
1485
1391
1486
1487
1393
1488
1394
1489
1395
1490
1396
1491
1397
1492
1398
1493
1399
1494
1400
1495
1401
1496
1402
1497
1403
1498
1404
1499
1405
1500
1406
1501
1407
1502
1408
1503
1409
1504
1410
1505
1411
1506
1412
1507
1413
1508
1414
1509
1415
1510
1416
1511
1417
1512
1418
1513
1419
1514
1420
1515
1421
1516
1422
1517
1423
1518
1424
1519
1425
1520
1426
1521
1427
1522
1428
1523
1429
1524
1430
1525
1431
1526
1432
1527
1433
1528
1434
1529
1435
1530
1436
1531
1437
1532
1438
1533
1439
1534
1440
1535
1441
1536
1442
1537
1443
1538
1444
1539
1445
1540
1446
1541
1447
1542
1448
1543
1449
1544
1450
1545
1451
1546
1452
1547
1453
1548
1454
1549
1455
1550
1456
1551
1457
1552
1458
1553
1459
1554
1460
1555
1461
1556
1462
1557
1463
1558
1464
1559
1465
1560
1466
1561
1467
1562
1468
1563
1469
1564
1470
1565
1471
1566
1472
1567
1473
1568
1474
1569
1475
1570
1476
1571
1477
1572
1478
1573
1479
1574
1480
1575
1481
1576
1482
1577
1483
1578
1484
1579
1485
1580
1486
1581
1487
1582
1583
1489
1584
1490
1585
1491
1586
1492
1587
1493
1588
1494
1589
1495
1590
1496
1591
1497
1592
1498
1593
1499
1594
1500
1595
1501
1596
1502
1597
1503
1598
1504
1599
1505
1600
1506
1601
1507
1602
1508
1603
1509
1604
1510
1605
1511
1606
1512
1607
1513
1608
1514
1609
1515
1610
1516
1611
1517
1612
1518
1613
1519
1614
1520
1615
1521
1616
1522
1617
1523
1618
1524
1619
1525
1620
1526
1621
1527
1622
1528
1623
1529
1624
1530
1625
1531
1626
1532
1627
1533
1628
1534
1629
1535
1630
1536
1631
1537
1632
1538
1633
1539
1634
1540
1635
1541
1636
1542
1637
1543
1638
1544
1639
1545
1640
1546
1641
1547
1642
1548
1643
1549
1644
1550
1645
1551
1646
1552
1647
1553
1648
1554
1649
1555
1650
1556
1651
1557
1652
1558
1653
1559
1654
1560
1655
1561
1656
1562
1657
1563
1658
1564
1659
1565
1660
1566
1661
1567
1662
1568
1663
1569
1664
1570
1665
1571
1666
1572
1667
1573
1668
1574
1669
1575
1670
1576
1671
1577
1672
1578
1673
1579
1674
1580
1675
1581
1676
1582
1677
1583
1678
1679
1585
1680
1586
1681
1587
1682
1588
1683
1589
1684
1590
1685
1591
1686
1592
1687
1593
1688
1594
1689
1595
1690
1596
1691
1597
1692
1598
1693
1599
1694
1600
1695
1601
1696
1602
1697
1603
1698
1604
1699
1605
1700
1606
1701
1607
1702
1608
1703
1609
1704
1610
1705
1611
1706
1612
1707
1613
1708
1614
1709
1615
1710
1616
1711
1617
1712
1618
1713
1619
1714
1620
1715
1621
1716
1622
1717
1623
1718
1624
1719
1625
1720
1626
1721
1627
1722
1628
1723
1629
1724
1630
1725
1631
1726
1632
1727
1633
1728
1634
1729
1635
1730
1636
1731
1637
1732
1638
1733
1639
1734
1640
1735
1641
1736
1642
1737
1643
1738
1644
1739
1645
1740
1646
1741
1647
1742
1648
1743
1649
1744
1650
1745
1651
1746
1652
1747
1653
1748
1654
1749
1655
1750
1656
1751
1657
1752
1658
1753
1659
1754
1660
1755
1661
1756
1662
1757
1663
1758
1664
1759
1665
1760
1666
1761
1667
1762
1668
1763
1669
1764
1670
1765
1671
1766
1672
1767
1673
1768
1674
1769
1675
1770
1676
1771
1677
1772
1678
1773
1679
1774
1775
1681
1776
1682
1777
1683
1778
1684
1779
1685
1780
1686
1781
1687
1782
1688
1783
1689
1784
1690
1785
1691
1786
1692
1787
1693
1788
1694
1789
1695
1790
1696
1791
1697
1792
1698
1793
1699
1794
1700
1795
1701
1796
1702
1797
1703
1798
1704
1799
1705
1800
1706
1801
1707
1802
1708
1803
1709
1804
1710
1805
1711
1806
1712
1807
1713
1808
1714
1809
1715
1810
1716
1811
1717
1812
1718
1813
1719
1814
1720
1815
1721
1816
1722
1817
1723
1818
1724
1819
1725
1820
1726
1821
1727
1822
1728
1823
1729
1824
1730
1825
1731
1826
1732
1827
1733
1828
1734
1829
1735
1830
1736
1831
1737
1832
1738
1833
1739
1834
1740
1835
1741
1836
1742
1837
1743
1838
1744
1839
1745
1840
1746
1841
1747
1842
1748
1843
1749
1844
1750
1845
1751
1846
1752
1847
1753
1848
1754
1849
1755
1850
1756
1851
1757
1852
1758
1853
1759
1854
1760
1855
1761
1856
1762
1857
1763
1858
1764
1859
1765
1860
1766
1861
1767
1862
1768
1863
1769
1864
1770
1865
1771
1866
1772
1867
1773
1868
1774
1869
1775
1870
1871
1777
1872
1778
1873
1779
1874
1780
1875
1781
1876
1782
1877
1783
1878
1784
1879
1785
1880
1786
1881
1787
1882
1788
1883
1789
1884
1790
1885
1791
1886
1792
1887
1793
1888
1794
1889
1795
1890
1796
1891
1797
1892
1798
1893
1799
1894
1800
1895
1801
1896
1802
1897
1803
1898
1804
1899
1805
1900
1806
1901
1807
1902
1808
1903
1809
1904
1810
1905
1811
1906
1812
1907
1813
1908
1814
1909
1815
1910
1816
1911
1817
1912
1818
1913
1819
1914
1820
1915
1821
1916
1822
1917
1823
1918
1824
1919
1825
1920
1826
1921
1827
1922
1828
1923
1829
1924
1830
1925
1831
1926
1832
1927
1833
1928
1834
1929
1835
1930
1836
1931
1837
1932
1838
1933
1839
1934
1840
1935
1841
1936
1842
1937
1843
1938
1844
1939
1845
1940
1846
1941
1847
1942
1848
1943
1849
1944
1850
1945
1851
1946
1852
1947
1853
1948
1854
1949
1855
1950
1856
1951
1857
1952
1858
1953
1859
1954
1860
1955
1861
1956
1862
1957
1863
1958
1864
1959
1865
1960
1866
1961
1867
1962
1868
1963
1869
1964
1870
1965
1871
1966
1967
1873
1968
1874
1969
1875
1970
1876
1971
1877
1972
1878
1973
1879
1974
1880
1975
1881
1976
1882
1977
1883
1978
1884
1979
1885
1980
1886
1981
1887
1982
1888
1983
1889
1984
1890
1985
1891
1986
1892
1987
1893
1988
1894
1989
1895
1990
1896
1991
1897
1992
1898
1993
1899
1994
1900
1995
1901
1996
1902
1997
1903
1998
1904
1999
1905
2000
1906
2001
1907
2002
1908
2003
1909
2004
1910
2005
1911
2006
1912
2007
1913
2008
1914
2009
1915
2010
1916
2011
1917
2012
1918
2013
1919
2014
1920
2015
1921
2016
1922
2017
1923
2018
1924
2019
1925
2020
1926
2021
1927
2022
1928
2023
1929
2024
1930
2025
1931
2026
1932
2027
1933
2028
1934
2029
1935
2030
1936
2031
1937
2032
1938
2033
1939
2034
1940
2035
1941
2036
1942
2037
1943
2038
1944
2039
1945
2040
1946
2041
1947
2042
1948
2043
1949
2044
1950
2045
1951
2046
1952
2047
1953
2048
1954
2049
1955
2050
1956
2051
1957
2052
1958
2053
1959
2054
1960
2055
1961
2056
1962
2057
1963
2058
1964
2059
1965
2060
1966
2061
1967
2062
2063
1969
2064
1970
2065
1971
2066
1972
2067
1973
2068
1974
2069
1975
2070
1976
2071
1977
2072
1978
2073
1979
2074
1980
2075
1981
2076
1982
2077
1983
2078
1984
2079
1985
2080
1986
2081
1987
2082
1988
2083
1989
2084
1990
2085
1991
2086
1992
2087
1993
2088
1994
2089
1995
2090
1996
2091
1997
2092
1998
2093
1999
2094
2000
2095
2001
2096
2002
2097
2003
2098
2004
2099
2005
2100
2006
2101
2007
2102
2008
2103
2009
2104
2010
2105
2011
2106
2012
2107
2013
2108
2014
2109
2015
2110
2016
2111
2017
2112
2018
2113
2019
2114
2020
2115
2021
2116
2022
2117
2023
2118
2024
2119
2025
2120
2026
2121
2027
2122
2028
2123
2029
2124
2030
2125
2031
2126
2032
2127
2033
2128
2034
2129
2035
2130
2036
2131
2037
2132
2038
2133
2039
2134
2040
2135
2041
2136
2042
2137
2043
2138
2044
2139
2045
2140
2046
2141
2047
2142
2048
2143
2049
2144
2050
2145
2051
2146
2052
2147
2053
2148
2054
2149
2055
2150
2056
2151
2057
2152
2058
2153
2059
2154
2060
2155
2061
2156
2062
2157
2063
2158
2159
2065
2160
2066
2161
2067
2162
2068
2163
2069
2164
2070
2165
2071
2166
2072
2167
2073
2168
2074
2169
2075
2170
2076
2171
2077
2172
2078
2173
2079
2174
2080
2175
2081
2176
2082
2177
2083
2178
2084
2179
2085
2180
2086
2181
2087
2182
2088
2183
2089
2184
2090
2185
2091
2186
2092
2187
2093
2188
2094
2189
2095
2190
2096
2191
2097
2192
2098
2193
2099
2194
2100
2195
2101
2196
2102
2197
2103
2198
2104
2199
2105
2200
2106
2201
2107
2202
2108
2203
2109
2204
2110
2205
2111
2206
2112
2207
2113
2208
2114
2209
2115
2210
2116
2211
2117
2212
2118
2213
2119
2214
2120
2215
2121
2216
2122
2217
2123
2218
2124
2219
2125
2220
2126
2221
2127
2222
2128
2223
2129
2224
2130
2225
2131
2226
2132
2227
2133
2228
2134
2229
2135
2230
2136
2231
2137
2232
2138
2233
2139
2234
2140
2235
2141
2236
2142
2237
2143
2238
2144
2239
2145
2240
2146
2241
2147
2242
2148
2243
2149
2244
2150
2245
2151
2246
2152
2247
2153
2248
2154
2249
2155
2250
2156
2251
2157
2252
2158
2253
2159
2254
2255
2161
2256
2162
2257
2163
2258
2164
2259
2165
2260
2166
2261
2167
2262
2168
2263
2169
2264
2170
2265
2171
2266
2172
2267
2173
2268
2174
2269
2175
2270
2176
2271
2177
2272
2178
2273
2179
2274
2180
2275
2181
2276
2182
2277
2183
2278
2184
2279
2185
2280
2186
2281
2187
2282
2188
2283
2189
2284
2190
2285
2191
2286
2192
2287
2193
2288
2194
2289
2195
2290
2196
2291
2197
2292
2198
2293
2199
2294
2200
2295
2201
2296
2202
2297
2203
2298
2204
2299
2205
2300
2206
2301
2207
2302
2208
2303
2209
2304
2210
2305
2211
2306
2212
2307
2213
2308
2214
2309
2215
2310
2216
2311
2217
2312
2218
2313
2219
2314
2220
2315
2221
2316
2222
2317
2223
2318
2224
2319
2225
2320
2226
2321
2227
2322
2228
2323
2229
2324
2230
2325
2231
2326
2232
2327
2233
2328
2234
2329
2235
2330
2236
2331
2237
2332
2238
2333
2239
2334
2240
2335
2241
2336
2242
2337
2243
2338
2244
2339
2245
2340
2246
2341
2247
2342
2248
2343
2249
2344
2250
2345
2251
2346
2252
2347
2253
2348
2254
2349
2255
2350
2351
2257
2352
2258
2353
2259
2354
2260
2355
2261
2356
2262
2357
2263
2358
2264
2359
2265
2360
2266
2361
2267
2362
2268
2363
2269
2364
2270
2365
2271
2366
2272
2367
2273
2368
2274
2369
2275
2370
2276
2371
2277
2372
2278
2373
2279
2374
2280
2375
2281
2376
2282
2377
2283
2378
2284
2379
2285
2380
2286
2381
2287
2382
2288
2383
2289
2384
2290
2385
2291
2386
2292
2387
2293
2388
2294
2389
2295
2390
2296
2391
2297
2392
2298
2393
2299
2394
2300
2395
2301
2396
2302
2397
2303
2398
2304
2399
2305
2400
2306
2401
2307
2402
2308
2403
2309
2404
2310
2405
2311
2406
2312
2407
2313
2408
2314
2409
2315
2410
2316
2411
2317
2412
2318
2413
2319
2414
2320
2415
2321
2416
2322
2417
2323
2418
2324
2419
2325
2420
2326
2421
2327
2422
2328
2423
2329
2424
2330
2425
2331
2426
2332
2427
2333
2428
2334
2429
2335
2430
2336
2431
2337
2432
2338
2433
2339
2434
2340
2435
2341
2436
2342
2437
2343
2438
2344
2439
2345
2440
2346
2441
2347
2442
2348
2443
2349
2444
2350
2445
2351
2446
2447
2353
2448
2354
2449
2355
2450
2356
2451
2357
2452
2358
2453
2359
2454
2360
2455
2361
2456
2362
2457
2363
2458
2364
2459
2365
2460
2366
2461
2367
2462
2368
2463
2369
2464
2370
2465
2371
2466
2372
2467
2373
2468
2374
2469
2375
2470
2376
2471
2377
2472
2378
2473
2379
2474
2380
2475
2381
2476
2382
2477
2383
2478
2384
2479
2385
2480
2386
2481
2387
2482
2388
2483
2389
2484
2390
2485
2391
2486
2392
2487
2393
2488
2394
2489
2395
2490
2396
2491
2397
2492
2398
2493
2399
2494
2400
2495
2401
2496
2402
2497
2403
2498
2404
2499
2405
2500
2406
2501
2407
2502
2408
2503
2409
2504
2410
2505
2411
2506
2412
2507
2413
2508
2414
2509
2415
2510
2416
2511
2417
2512
2418
2513
2419
2514
2420
2515
2421
2516
2422
2517
2423
2518
2424
2519
2425
2520
2426
2521
2427
2522
2428
2523
2429
2524
2430
2525
2431
2526
2432
2527
2433
2528
2434
2529
2435
2530
2436
2531
2437
2532
2438
2533
2439
2534
2440
2535
2441
2536
2442
2537
2443
2538
2444
2539
2445
2540
2446
2541
2447
2542
2543
2449
2544
2450
2545
2451
2546
2452
2547
2453
2548
2454
2549
2455
2550
2456
2551
2457
2552
2458
2553
2459
2554
2460
2555
2461
2556
2462
2557
2463
2558
2464
2559
2465
2560
2466
2561
2467
2562
2468
2563
2469
2564
2470
2565
2471
2566
2472
2567
2473
2568
2474
2569
2475
2570
2476
2571
2477
2572
2478
2573
2479
2574
2480
2575
2481
2576
2482
2577
2483
2578
2484
2579
2485
2580
2486
2581
2487
2582
2488
2583
2489
2584
2490
2585
2491
2586
2492
2587
2493
2588
2494
2589
2495
2590
2496
2591
2497
2592
2498
2593
2499
2594
2500
2595
2501
2596
2502
2597
2503
2598
2504
2599
2505
2600
2506
2601
2507
2602
2508
2603
2509
2604
2510
2605
2511
2606
2512
2607
2513
2608
2514
2609
2515
2610
2516
2611
2517
2612
2518
2613
2519
2614
2520
2615
2521
2616
2522
2617
2523
2618
2524
2619
2525
2620
2526
2621
2527
2622
2528
2623
2529
2624
2530
2625
2531
2626
2532
2627
2533
2628
2534
2629
2535
2630
2536
2631
2537
2632
2538
2633
2539
2634
2540
2635
2541
2636
2542
2637
2543
2638
2639
2545
2640
2546
2641
2547
2642
2548
2643
2549
2644
2550
2645
2551
2646
2552
2647
2553
2648
2554
2649
2555
2650
2556
2651
2557
2652
2558
2653
2559
2654
2560
2655
2561
2656
2562
2657
2563
2658
2564
2659
2565
2660
2566
2661
2567
2662
2568
2663
2569
2664
2570
2665
2571
2666
2572
2667
2573
2668
2574
2669
2575
2670
2576
2671
2577
2672
2578
2673
2579
2674
2580
2675
2581
2676
2582
2677
2583
2678
2584
2679
2585
2680
2586
2681
2587
2682
2588
2683
2589
2684
2590
2685
2591
2686
2592
2687
2593
2688
2594
2689
2595
2690
2596
2691
2597
2692
2598
2693
2599
2694
2600
2695
2601
2696
2602
2697
2603
2698
2604
2699
2605
2700
2606
2701
2607
2702
2608
2703
2609
2704
2610
2705
2611
2706
2612
2707
2613
2708
2614
2709
2615
2710
2616
2711
2617
2712
2618
2713
2619
2714
2620
2715
2621
2716
2622
2717
2623
2718
2624
2719
2625
2720
2626
2721
2627
2722
2628
2723
2629
2724
2630
2725
2631
2726
2632
2727
2633
2728
2634
2729
2635
2730
2636
2731
2637
2732
2638
2733
2639
2734
2735
2641
2736
2642
2737
2643
2738
2644
2739
2645
2740
2646
2741
2647
2742
2648
2743
2649
2744
2650
2745
2651
2746
2652
2747
2653
2748
2654
2749
2655
2750
2656
2751
2657
2752
2658
2753
2659
2754
2660
2755
2661
2756
2662
2757
2663
2758
2664
2759
2665
2760
2666
2761
2667
2762
2668
2763
2669
2764
2670
2765
2671
2766
2672
2767
2673
2768
2674
2769
2675
2770
2676
2771
2677
2772
2678
2773
2679
2774
2680
2775
2681
2776
2682
2777
2683
2778
2684
2779
2685
2780
2686
2781
2687
2782
2688
2783
2689
2784
2690
2785
2691
2786
2692
2787
2693
2788
2694
2789
2695
2790
2696
2791
2697
2792
2698
2793
2699
2794
2700
2795
2701
2796
2702
2797
2703
2798
2704
2799
2705
2800
2706
2801
2707
2802
2708
2803
2709
2804
2710
2805
2711
2806
2712
2807
2713
2808
2714
2809
2715
2810
2716
2811
2717
2812
2718
2813
2719
2814
2720
2815
2721
2816
2722
2817
2723
2818
2724
2819
2725
2820
2726
2821
2727
2822
2728
2823
2729
2824
2730
2825
2731
2826
2732
2827
2733
2828
2734
2829
2735
2830
2831
2737
2832
2738
2833
2739
2834
2740
2835
2741
2836
2742
2837
2743
2838
2744
2839
2745
2840
2746
2841
2747
2842
2748
2843
2749
2844
2750
2845
2751
2846
2752
2847
2753
2848
2754
2849
2755
2850
2756
2851
2757
2852
2758
2853
2759
2854
2760
2855
2761
2856
2762
2857
2763
2858
2764
2859
2765
2860
2766
2861
2767
2862
2768
2863
2769
2864
2770
2865
2771
2866
2772
2867
2773
2868
2774
2869
2775
2870
2776
2871
2777
2872
2778
2873
2779
2874
2780
2875
2781
2876
2782
2877
2783
2878
2784
2879
2785
2880
2786
2881
2787
2882
2788
2883
2789
2884
2790
2885
2791
2886
2792
2887
2793
2888
2794
2889
2795
2890
2796
2891
2797
2892
2798
2893
2799
2894
2800
2895
2801
2896
2802
2897
2803
2898
2804
2899
2805
2900
2806
2901
2807
2902
2808
2903
2809
2904
2810
2905
2811
2906
2812
2907
2813
2908
2814
2909
2815
2910
2816
2911
2817
2912
2818
2913
2819
2914
2820
2915
2821
2916
2822
2917
2823
2918
2824
2919
2825
2920
2826
2921
2827
2922
2828
2923
2829
2924
2830
2925
2831
2926
2927
2833
2928
2834
2929
2835
2930
2836
2931
2837
2932
2838
2933
2839
2934
2840
2935
2841
2936
2842
2937
2843
2938
2844
2939
2845
2940
2846
2941
2847
2942
2848
2943
2849
2944
2850
2945
2851
2946
2852
2947
2853
2948
2854
2949
2855
2950
2856
2951
2857
2952
2858
2953
2859
2954
2860
2955
2861
2956
2862
2957
2863
2958
2864
2959
2865
2960
2866
2961
2867
2962
2868
2963
2869
2964
2870
2965
2871
2966
2872
2967
2873
2968
2874
2969
2875
2970
2876
2971
2877
2972
2878
2973
2879
2974
2880
2975
2881
2976
2882
2977
2883
2978
2884
2979
2885
2980
2886
2981
2887
2982
2888
2983
2889
2984
2890
2985
2891
2986
2892
2987
2893
2988
2894
2989
2895
2990
2896
2991
2897
2992
2898
2993
2899
2994
2900
2995
2901
2996
2902
2997
2903
2998
2904
2999
2905
3000
2906
3001
2907
3002
2908
3003
2909
3004
2910
3005
2911
3006
2912
3007
2913
3008
2914
3009
2915
3010
2916
3011
2917
3012
2918
3013
2919
3014
2920
3015
2921
3016
2922
3017
2923
3018
2924
3019
2925
3020
2926
3021
2927
3022
3023
2929
3024
2930
3025
2931
3026
2932
3027
2933
3028
2934
3029
2935
3030
2936
3031
2937
3032
2938
3033
2939
3034
2940
3035
2941
3036
2942
3037
2943
3038
2944
3039
2945
3040
2946
3041
2947
3042
2948
3043
2949
3044
2950
3045
2951
3046
2952
3047
2953
3048
2954
3049
2955
3050
2956
3051
2957
3052
2958
3053
2959
3054
2960
3055
2961
3056
2962
3057
2963
3058
2964
3059
2965
3060
2966
3061
2967
3062
2968
3063
2969
3064
2970
3065
2971
3066
2972
3067
2973
3068
2974
3069
2975
3070
2976
3071
2977
3072
2978
3073
2979
3074
2980
3075
2981
3076
2982
3077
2983
3078
2984
3079
2985
3080
2986
3081
2987
3082
2988
3083
2989
3084
2990
3085
2991
3086
2992
3087
2993
3088
2994
3089
2995
3090
2996
3091
2997
3092
2998
3093
2999
3094
3000
3095
3001
3096
3002
3097
3003
3098
3004
3099
3005
3100
3006
3101
3007
3102
3008
3103
3009
3104
3010
3105
3011
3106
3012
3107
3013
3108
3014
3109
3015
3110
3016
3111
3017
3112
3018
3113
3019
3114
3020
3115
3021
3116
3022
3117
3023
3118
3119
3025
3120
3026
3121
3027
3122
3028
3123
3029
3124
3030
3125
3031
3126
3032
3127
3033
3128
3034
3129
3035
3130
3036
3131
3037
3132
3038
3133
3039
3134
3040
3135
3041
3136
3042
3137
3043
3138
3044
3139
3045
3140
3046
3141
3047
3142
3048
3143
3049
3144
3050
3145
3051
3146
3052
3147
3053
3148
3054
3149
3055
3150
3056
3151
3057
3152
3058
3153
3059
3154
3060
3155
3061
3156
3062
3157
3063
3158
3064
3159
3065
3160
3066
3161
3067
3162
3068
3163
3069
3164
3070
3165
3071
3166
3072
3167
3073
3168
3074
3169
3075
3170
3076
3171
3077
3172
3078
3173
3079
3174
3080
3175
3081
3176
3082
3177
3083
3178
3084
3179
3085
3180
3086
3181
3087
3182
3088
3183
3089
3184
3090
3185
3091
3186
3092
3187
3093
3188
3094
3189
3095
3190
3096
3191
3097
3192
3098
3193
3099
3194
3100
3195
3101
3196
3102
3197
3103
3198
3104
3199
3105
3200
3106
3201
3107
3202
3108
3203
3109
3204
3110
3205
3111
3206
3112
3207
3113
3208
3114
3209
3115
3210
3116
3211
3117
3212
3118
3213
3119
3214
3215
3121
3216
3122
3217
3123
3218
3124
3219
3125
3220
3126
3221
3127
3222
3128
3223
3129
3224
3130
3225
3131
3226
3132
3227
3133
3228
3134
3229
3135
3230
3136
3231
3137
3232
3138
3233
3139
3234
3140
3235
3141
3236
3142
3237
3143
3238
3144
3239
3145
3240
3146
3241
3147
3242
3148
3243
3149
3244
3150
3245
3151
3246
3152
3247
3153
3248
3154
3249
3155
3250
3156
3251
3157
3252
3158
3253
3159
3254
3160
3255
3161
3256
3162
3257
3163
3258
3164
3259
3165
3260
3166
3261
3167
3262
3168
3263
3169
3264
3170
3265
3171
3266
3172
3267
3173
3268
3174
3269
3175
3270
3176
3271
3177
3272
3178
3273
3179
3274
3180
3275
3181
3276
3182
3277
3183
3278
3184
3279
3185
3280
3186
3281
3187
3282
3188
3283
3189
3284
3190
3285
3191
3286
3192
3287
3193
3288
3194
3289
3195
3290
3196
3291
3197
3292
3198
3293
3199
3294
3200
3295
3201
3296
3202
3297
3203
3298
3204
3299
3205
3300
3206
3301
3207
3302
3208
3303
3209
3304
3210
3305
3211
3306
3212
3307
3213
3308
3214
3309
3215
3310
3311
3217
3312
3218
3313
3219
3314
3220
3315
3221
3316
3222
3317
3223
3318
3224
3319
3225
3320
3226
3321
3227
3322
3228
3323
3229
3324
3230
3325
3231
3326
3232
3327
3233
3328
3234
3329
3235
3330
3236
3331
3237
3332
3238
3333
3239
3334
3240
3335
3241
3336
3242
3337
3243
3338
3244
3339
3245
3340
3246
3341
3247
3342
3248
3343
3249
3344
3250
3345
3251
3346
3252
3347
3253
3348
3254
3349
3255
3350
3256
3351
3257
3352
3258
3353
3259
3354
3260
3355
3261
3356
3262
3357
3263
3358
3264
3359
3265
3360
3266
3361
3267
3362
3268
3363
3269
3364
3270
3365
3271
3366
3272
3367
3273
3368
3274
3369
3275
3370
3276
3371
3277
3372
3278
3373
3279
3374
3280
3375
3281
3376
3282
3377
3283
3378
3284
3379
3285
3380
3286
3381
3287
3382
3288
3383
3289
3384
3290
3385
3291
3386
3292
3387
3293
3388
3294
3389
3295
3390
3296
3391
3297
3392
3298
3393
3299
3394
3300
3395
3301
3396
3302
3397
3303
3398
3304
3399
3305
3400
3306
3401
3307
3402
3308
3403
3309
3404
3310
3405
3311
3406
3407
3313
3408
3314
3409
3315
3410
3316
3411
3317
3412
3318
3413
3319
3414
3320
3415
3321
3416
3322
3417
3323
3418
3324
3419
3325
3420
3326
3421
3327
3422
3328
3423
3329
3424
3330
3425
3331
3426
3332
3427
3333
3428
3334
3429
3335
3430
3336
3431
3337
3432
3338
3433
3339
3434
3340
3435
3341
3436
3342
3437
3343
3438
3344
3439
3345
3440
3346
3441
3347
3442
3348
3443
3349
3444
3350
3445
3351
3446
3352
3447
3353
3448
3354
3449
3355
3450
3356
3451
3357
3452
3358
3453
3359
3454
3360
3455
3361
3456
3362
3457
3363
3458
3364
3459
3365
3460
3366
3461
3367
3462
3368
3463
3369
3464
3370
3465
3371
3466
3372
3467
3373
3468
3374
3469
3375
3470
3376
3471
3377
3472
3378
3473
3379
3474
3380
3475
3381
3476
3382
3477
3383
3478
3384
3479
3385
3480
3386
3481
3387
3482
3388
3483
3389
3484
3390
3485
3391
3486
3392
3487
3393
3488
3394
3489
3395
3490
3396
3491
3397
3492
3398
3493
3399
3494
3400
3495
3401
3496
3402
3497
3403
3498
3404
3499
3405
3500
3406
3501
3407
3502
3503
3409
3504
3410
3505
3411
3506
3412
3507
3413
3508
3414
3509
3415
3510
3416
3511
3417
3512
3418
3513
3419
3514
3420
3515
3421
3516
3422
3517
3423
3518
3424
3519
3425
3520
3426
3521
3427
3522
3428
3523
3429
3524
3430
3525
3431
3526
3432
3527
3433
3528
3434
3529
3435
3530
3436
3531
3437
3532
3438
3533
3439
3534
3440
3535
3441
3536
3442
3537
3443
3538
3444
3539
3445
3540
3446
3541
3447
3542
3448
3543
3449
3544
3450
3545
3451
3546
3452
3547
3453
3548
3454
3549
3455
3550
3456
3551
3457
3552
3458
3553
3459
3554
3460
3555
3461
3556
3462
3557
3463
3558
3464
3559
3465
3560
3466
3561
3467
3562
3468
3563
3469
3564
3470
3565
3471
3566
3472
3567
3473
3568
3474
3569
3475
3570
3476
3571
3477
3572
3478
3573
3479
3574
3480
3575
3481
3576
3482
3577
3483
3578
3484
3579
3485
3580
3486
3581
3487
3582
3488
3583
3489
3584
3490
3585
3491
3586
3492
3587
3493
3588
3494
3589
3495
3590
3496
3591
3497
3592
3498
3593
3499
3594
3500
3595
3501
3596
3502
3597
3503
3598
3599
3505
3600
3506
3601
3507
3602
3508
3603
3509
3604
3510
3605
3511
3606
3512
3607
3513
3608
3514
3609
3515
3610
3516
3611
3517
3612
3518
3613
3519
3614
3520
3615
3521
3616
3522
3617
3523
3618
3524
3619
3525
3620
3526
3621
3527
3622
3528
3623
3529
3624
3530
3625
3531
3626
3532
3627
3533
3628
3534
3629
3535
3630
3536
3631
3537
3632
3538
3633
3539
3634
3540
3635
3541
3636
3542
3637
3543
3638
3544
3639
3545
3640
3546
3641
3547
3642
3548
3643
3549
3644
3550
3645
3551
3646
3552
3647
3553
3648
3554
3649
3555
3650
3556
3651
3557
3652
3558
3653
3559
3654
3560
3655
3561
3656
3562
3657
3563
3658
3564
3659
3565
3660
3566
3661
3567
3662
3568
3663
3569
3664
3570
3665
3571
3666
3572
3667
3573
3668
3574
3669
3575
3670
3576
3671
3577
3672
3578
3673
3579
3674
3580
3675
3581
3676
3582
3677
3583
3678
3584
3679
3585
3680
3586
3681
3587
3682
3588
3683
3589
3684
3590
3685
3591
3686
3592
3687
3593
3688
3594
3689
3595
3690
3596
3691
3597
3692
3598
3693
3599
3694
3695
3601
3696
3602
3697
3603
3698
3604
3699
3605
3700
3606
3701
3607
3702
3608
3703
3609
3704
3610
3705
3611
3706
3612
3707
3613
3708
3614
3709
3615
3710
3616
3711
3617
3712
3618
3713
3619
3714
3620
3715
3621
3716
3622
3717
3623
3718
3624
3719
3625
3720
3626
3721
3627
3722
3628
3723
3629
3724
3630
3725
3631
3726
3632
3727
3633
3728
3634
3729
3635
3730
3636
3731
3637
3732
3638
3733
3639
3734
3640
3735
3641
3736
3642
3737
3643
3738
3644
3739
3645
3740
3646
3741
3647
3742
3648
3743
3649
3744
3650
3745
3651
3746
3652
3747
3653
3748
3654
3749
3655
3750
3656
3751
3657
3752
3658
3753
3659
3754
3660
3755
3661
3756
3662
3757
3663
3758
3664
3759
3665
3760
3666
3761
3667
3762
3668
3763
3669
3764
3670
3765
3671
3766
3672
3767
3673
3768
3674
3769
3675
3770
3676
3771
3677
3772
3678
3773
3679
3774
3680
3775
3681
3776
3682
3777
3683
3778
3684
3779
3685
3780
3686
3781
3687
3782
3688
3783
3689
3784
3690
3785
3691
3786
3692
3787
3693
3788
3694
3789
3695
3790
3791
3697
3792
3698
3793
3699
3794
3700
3795
3701
3796
3702
3797
3703
3798
3704
3799
3705
3800
3706
3801
3707
3802
3708
3803
3709
3804
3710
3805
3711
3806
3712
3807
3713
3808
3714
3809
3715
3810
3716
3811
3717
3812
3718
3813
3719
3814
3720
3815
3721
3816
3722
3817
3723
3818
3724
3819
3725
3820
3726
3821
3727
3822
3728
3823
3729
3824
3730
3825
3731
3826
3732
3827
3733
3828
3734
3829
3735
3830
3736
3831
3737
3832
3738
3833
3739
3834
3740
3835
3741
3836
3742
3837
3743
3838
3744
3839
3745
3840
3746
3841
3747
3842
3748
3843
3749
3844
3750
3845
3751
3846
3752
3847
3753
3848
3754
3849
3755
3850
3756
3851
3757
3852
3758
3853
3759
3854
3760
3855
3761
3856
3762
3857
3763
3858
3764
3859
3765
3860
3766
3861
3767
3862
3768
3863
3769
3864
3770
3865
3771
3866
3772
3867
3773
3868
3774
3869
3775
3870
3776
3871
3777
3872
3778
3873
3779
3874
3780
3875
3781
3876
3782
3877
3783
3878
3784
3879
3785
3880
3786
3881
3787
3882
3788
3883
3789
3884
3790
3885
3791
3886
3887
3793
3888
3794
3889
3795
3890
3796
3891
3797
3892
3798
3893
3799
3894
3800
3895
3801
3896
3802
3897
3803
3898
3804
3899
3805
3900
3806
3901
3807
3902
3808
3903
3809
3904
3810
3905
3811
3906
3812
3907
3813
3908
3814
3909
3815
3910
3816
3911
3817
3912
3818
3913
3819
3914
3820
3915
3821
3916
3822
3917
3823
3918
3824
3919
3825
3920
3826
3921
3827
3922
3828
3923
3829
3924
3830
3925
3831
3926
3832
3927
3833
3928
3834
3929
3835
3930
3836
3931
3837
3932
3838
3933
3839
3934
3840
3935
3841
3936
3842
3937
3843
3938
3844
3939
3845
3940
3846
3941
3847
3942
3848
3943
3849
3944
3850
3945
3851
3946
3852
3947
3853
3948
3854
3949
3855
3950
3856
3951
3857
3952
3858
3953
3859
3954
3860
3955
3861
3956
3862
3957
3863
3958
3864
3959
3865
3960
3866
3961
3867
3962
3868
3963
3869
3964
3870
3965
3871
3966
3872
3967
3873
3968
3874
3969
3875
3970
3876
3971
3877
3972
3878
3973
3879
3974
3880
3975
3881
3976
3882
3977
3883
3978
3884
3979
3885
3980
3886
3981
3887
3982
3983
3889
3984
3890
3985
3891
3986
3892
3987
3893
3988
3894
3989
3895
3990
3896
3991
3897
3992
3898
3993
3899
3994
3900
3995
3901
3996
3902
3997
3903
3998
3904
3999
3905
4000
3906
4001
3907
4002
3908
4003
3909
4004
3910
4005
3911
4006
3912
4007
3913
4008
3914
4009
3915
4010
3916
4011
3917
4012
3918
4013
3919
4014
3920
4015
3921
4016
3922
4017
3923
4018
3924
4019
3925
4020
3926
4021
3927
4022
3928
4023
3929
4024
3930
4025
3931
4026
3932
4027
3933
4028
3934
4029
3935
4030
3936
4031
3937
4032
3938
4033
3939
4034
3940
4035
3941
4036
3942
4037
3943
4038
3944
4039
3945
4040
3946
4041
3947
4042
3948
4043
3949
4044
3950
4045
3951
4046
3952
4047
3953
4048
3954
4049
3955
4050
3956
4051
3957
4052
3958
4053
3959
4054
3960
4055
3961
4056
3962
4057
3963
4058
3964
4059
3965
4060
3966
4061
3967
4062
3968
4063
3969
4064
3970
4065
3971
4066
3972
4067
3973
4068
3974
4069
3975
4070
3976
4071
3977
4072
3978
4073
3979
4074
3980
4075
3981
4076
3982
4077
3983
4078
4079
3985
4080
3986
4081
3987
4082
3988
4083
3989
4084
3990
4085
3991
4086
3992
4087
3993
4088
3994
4089
3995
4090
3996
4091
3997
4092
3998
4093
3999
4094
4000
4095
4001
4096
4002
4097
4003
4098
4004
4099
4005
4100
4006
4101
4007
4102
4008
4103
4009
4104
4010
4105
4011
4106
4012
4107
4013
4108
4014
4109
4015
4110
4016
4111
4017
4112
4018
4113
4019
4114
4020
4115
4021
4116
4022
4117
4023
4118
4024
4119
4025
4120
4026
4121
4027
4122
4028
4123
4029
4124
4030
4125
4031
4126
4032
4127
4033
4128
4034
4129
4035
4130
4036
4131
4037
4132
4038
4133
4039
4134
4040
4135
4041
4136
4042
4137
4043
4138
4044
4139
4045
4140
4046
4141
4047
4142
4048
4143
4049
4144
4050
4145
4051
4146
4052
4147
4053
4148
4054
4149
4055
4150
4056
4151
4057
4152
4058
4153
4059
4154
4060
4155
4061
4156
4062
4157
4063
4158
4064
4159
4065
4160
4066
4161
4067
4162
4068
4163
4069
4164
4070
4165
4071
4166
4072
4167
4073
4168
4074
4169
4075
4170
4076
4171
4077
4172
4078
4173
4079
4174
4175
4081
4176
4082
4177
4083
4178
4084
4179
4085
4180
4086
4181
4087
4182
4088
4183
4089
4184
4090
4185
4091
4186
4092
4187
4093
4188
4094
4189
4095
4190
4096
4191
4097
4192
4098
4193
4099
4194
4100
4195
4101
4196
4102
4197
4103
4198
4104
4199
4105
4200
4106
4201
4107
4202
4108
4203
4109
4204
4110
4205
4111
4206
4112
4207
4113
4208
4114
4209
4115
4210
4116
4211
4117
4212
4118
4213
4119
4214
4120
4215
4121
4216
4122
4217
4123
4218
4124
4219
4125
4220
4126
4221
4127
4222
4128
4223
4129
4224
4130
4225
4131
4226
4132
4227
4133
4228
4134
4229
4135
4230
4136
4231
4137
4232
4138
4233
4139
4234
4140
4235
4141
4236
4142
4237
4143
4238
4144
4239
4145
4240
4146
4241
4147
4242
4148
4243
4149
4244
4150
4245
4151
4246
4152
4247
4153
4248
4154
4249
4155
4250
4156
4251
4157
4252
4158
4253
4159
4254
4160
4255
4161
4256
4162
4257
4163
4258
4164
4259
4165
4260
4166
4261
4167
4262
4168
4263
4169
4264
4170
4265
4171
4266
4172
4267
4173
4268
4174
4269
4175
4270
4271
4177
4272
4178
4273
4179
4274
4180
4275
4181
4276
4182
4277
4183
4278
4184
4279
4185
4280
4186
4281
4187
4282
4188
4283
4189
4284
4190
4285
4191
4286
4192
4287
4193
4288
4194
4289
4195
4290
4196
4291
4197
4292
4198
4293
4199
4294
4200
4295
4201
4296
4202
4297
4203
4298
4204
4299
4205
4300
4206
4301
4207
4302
4208
4303
4209
4304
4210
4305
4211
4306
4212
4307
4213
4308
4214
4309
4215
4310
4216
4311
4217
4312
4218
4313
4219
4314
4220
4315
4221
4316
4222
4317
4223
4318
4224
4319
4225
4320
4226
4321
4227
4322
4228
4323
4229
4324
4230
4325
4231
4326
4232
4327
4233
4328
4234
4329
4235
4330
4236
4331
4237
4332
4238
4333
4239
4334
4240
4335
4241
4336
4242
4337
4243
4338
4244
4339
4245
4340
4246
4341
4247
4342
4248
4343
4249
4344
4250
4345
4251
4346
4252
4347
4253
4348
4254
4349
4255
4350
4256
4351
4257
4352
4258
4353
4259
4354
4260
4355
4261
4356
4262
4357
4263
4358
4264
4359
4265
4360
4266
4361
4267
4362
4268
4363
4269
4364
4270
4365
4271
4366
4367
4273
4368
4274
4369
4275
4370
4276
4371
4277
4372
4278
4373
4279
4374
4280
4375
4281
4376
4282
4377
4283
4378
4284
4379
4285
4380
4286
4381
4287
4382
4288
4383
4289
4384
4290
4385
4291
4386
4292
4387
4293
4388
4294
4389
4295
4390
4296
4391
4297
4392
4298
4393
4299
4394
4300
4395
4301
4396
4302
4397
4303
4398
4304
4399
4305
4400
4306
4401
4307
4402
4308
4403
4309
4404
4310
4405
4311
4406
4312
4407
4313
4408
4314
4409
4315
4410
4316
4411
4317
4412
4318
4413
4319
4414
4320
4415
4321
4416
4322
4417
4323
4418
4324
4419
4325
4420
4326
4421
4327
4422
4328
4423
4329
4424
4330
4425
4331
4426
4332
4427
4333
4428
4334
4429
4335
4430
4336
4431
4337
4432
4338
4433
4339
4434
4340
4435
4341
4436
4342
4437
4343
4438
4344
4439
4345
4440
4346
4441
4347
4442
4348
4443
4349
4444
4350
4445
4351
4446
4352
4447
4353
4448
4354
4449
4355
4450
4356
4451
4357
4452
4358
4453
4359
4454
4360
4455
4361
4456
4362
4457
4363
4458
4364
4459
4365
4460
4366
4461
4367
4462
4463
4369
4464
4370
4465
4371
4466
4372
4467
4373
4468
4374
4469
4375
4470
4376
4471
4377
4472
4378
4473
4379
4474
4380
4475
4381
4476
4382
4477
4383
4478
4384
4479
4385
4480
4386
4481
4387
4482
4388
4483
4389
4484
4390
4485
4391
4486
4392
4487
4393
4488
4394
4489
4395
4490
4396
4491
4397
4492
4398
4493
4399
4494
4400
4495
4401
4496
4402
4497
4403
4498
4404
4499
4405
4500
4406
4501
4407
4502
4408
4503
4409
4504
4410
4505
4411
4506
4412
4507
4413
4508
4414
4509
4415
4510
4416
4511
4417
4512
4418
4513
4419
4514
4420
4515
4421
4516
4422
4517
4423
4518
4424
4519
4425
4520
4426
4521
4427
4522
4428
4523
4429
4524
4430
4525
4431
4526
4432
4527
4433
4528
4434
4529
4435
4530
4436
4531
4437
4532
4438
4533
4439
4534
4440
4535
4441
4536
4442
4537
4443
4538
4444
4539
4445
4540
4446
4541
4447
4542
4448
4543
4449
4544
4450
4545
4451
4546
4452
4547
4453
4548
4454
4549
4455
4550
4456
4551
4457
4552
4458
4553
4459
4554
4460
4555
4461
4556
4462
4557
4463
4558
4559
4465
4560
4466
4561
4467
4562
4468
4563
4469
4564
4470
4565
4471
4566
4472
4567
4473
4568
4474
4569
4475
4570
4476
4571
4477
4572
4478
4573
4479
4574
4480
4575
4481
4576
4482
4577
4483
4578
4484
4579
4485
4580
4486
4581
4487
4582
4488
4583
4489
4584
4490
4585
4491
4586
4492
4587
4493
4588
4494
4589
4495
4590
4496
4591
4497
4592
4498
4593
4499
4594
4500
4595
4501
4596
4502
4597
4503
4598
4504
4599
4505
4600
4506
4601
4507
4602
4508
4603
4509
4604
4510
4605
4511
4606
4512
4607
4513
4608
4514
4609
4515
4610
4516
4611
4517
4612
4518
4613
4519
4614
4520
4615
4521
4616
4522
4617
4523
4618
4524
4619
4525
4620
4526
4621
4527
4622
4528
4623
4529
4624
4530
4625
4531
4626
4532
4627
4533
4628
4534
4629
4535
4630
4536
4631
4537
4632
4538
4633
4539
4634
4540
4635
4541
4636
4542
4637
4543
4638
4544
4639
4545
4640
4546
4641
4547
4642
4548
4643
4549
4644
4550
4645
4551
4646
4552
4647
4553
4648
4554
4649
4555
4650
4556
4651
4557
4652
4558
4653
4559
4654
4655
4561
4656
4562
4657
4563
4658
4564
4659
4565
4660
4566
4661
4567
4662
4568
4663
4569
4664
4570
4665
4571
4666
4572
4667
4573
4668
4574
4669
4575
4670
4576
4671
4577
4672
4578
4673
4579
4674
4580
4675
4581
4676
4582
4677
4583
4678
4584
4679
4585
4680
4586
4681
4587
4682
4588
4683
4589
4684
4590
4685
4591
4686
4592
4687
4593
4688
4594
4689
4595
4690
4596
4691
4597
4692
4598
4693
4599
4694
4600
4695
4601
4696
4602
4697
4603
4698
4604
4699
4605
4700
4606
4701
4607
4702
4608
4703
4609
4704
4610
4705
4611
4706
4612
4707
4613
4708
4614
4709
4615
4710
4616
4711
4617
4712
4618
4713
4619
4714
4620
4715
4621
4716
4622
4717
4623
4718
4624
4719
4625
4720
4626
4721
4627
4722
4628
4723
4629
4724
4630
4725
4631
4726
4632
4727
4633
4728
4634
4729
4635
4730
4636
4731
4637
4732
4638
4733
4639
4734
4640
4735
4641
4736
4642
4737
4643
4738
4644
4739
4645
4740
4646
4741
4647
4742
4648
4743
4649
4744
4650
4745
4651
4746
4652
4747
4653
4748
4654
4749
4655
4750
4751
4657
4752
4658
4753
4659
4754
4660
4755
4661
4756
4662
4757
4663
4758
4664
4759
4665
4760
4666
4761
4667
4762
4668
4763
4669
4764
4670
4765
4671
4766
4672
4767
4673
4768
4674
4769
4675
4770
4676
4771
4677
4772
4678
4773
4679
4774
4680
4775
4681
4776
4682
4777
4683
4778
4684
4779
4685
4780
4686
4781
4687
4782
4688
4783
4689
4784
4690
4785
4691
4786
4692
4787
4693
4788
4694
4789
4695
4790
4696
4791
4697
4792
4698
4793
4699
4794
4700
4795
4701
4796
4702
4797
4703
4798
4704
4799
4705
4800
4706
4801
4707
4802
4708
4803
4709
4804
4710
4805
4711
4806
4712
4807
4713
4808
4714
4809
4715
4810
4716
4811
4717
4812
4718
4813
4719
4814
4720
4815
4721
4816
4722
4817
4723
4818
4724
4819
4725
4820
4726
4821
4727
4822
4728
4823
4729
4824
4730
4825
4731
4826
4732
4827
4733
4828
4734
4829
4735
4830
4736
4831
4737
4832
4738
4833
4739
4834
4740
4835
4741
4836
4742
4837
4743
4838
4744
4839
4745
4840
4746
4841
4747
4842
4748
4843
4749
4844
4750
4845
4751
4846
4847
4753
4848
4754
4849
4755
4850
4756
4851
4757
4852
4758
4853
4759
4854
4760
4855
4761
4856
4762
4857
4763
4858
4764
4859
4765
4860
4766
4861
4767
4862
4768
4863
4769
4864
4770
4865
4771
4866
4772
4867
4773
4868
4774
4869
4775
4870
4776
4871
4777
4872
4778
4873
4779
4874
4780
4875
4781
4876
4782
4877
4783
4878
4784
4879
4785
4880
4786
4881
4787
4882
4788
4883
4789
4884
4790
4885
4791
4886
4792
4887
4793
4888
4794
4889
4795
4890
4796
4891
4797
4892
4798
4893
4799
4894
4800
4895
4801
4896
4802
4897
4803
4898
4804
4899
4805
4900
4806
4901
4807
4902
4808
4903
4809
4904
4810
4905
4811
4906
4812
4907
4813
4908
4814
4909
4815
4910
4816
4911
4817
4912
4818
4913
4819
4914
4820
4915
4821
4916
4822
4917
4823
4918
4824
4919
4825
4920
4826
4921
4827
4922
4828
4923
4829
4924
4830
4925
4831
4926
4832
4927
4833
4928
4834
4929
4835
4930
4836
4931
4837
4932
4838
4933
4839
4934
4840
4935
4841
4936
4842
4937
4843
4938
4844
4939
4845
4940
4846
4941
4847
4942
4943
4849
4944
4850
4945
4851
4946
4852
4947
4853
4948
4854
4949
4855
4950
4856
4951
4857
4952
4858
4953
4859
4954
4860
4955
4861
4956
4862
4957
4863
4958
4864
4959
4865
4960
4866
4961
4867
4962
4868
4963
4869
4964
4870
4965
4871
4966
4872
4967
4873
4968
4874
4969
4875
4970
4876
4971
4877
4972
4878
4973
4879
4974
4880
4975
4881
4976
4882
4977
4883
4978
4884
4979
4885
4980
4886
4981
4887
4982
4888
4983
4889
4984
4890
4985
4891
4986
4892
4987
4893
4988
4894
4989
4895
4990
4896
4991
4897
4992
4898
4993
4899
4994
4900
4995
4901
4996
4902
4997
4903
4998
4904
4999
4905
5000
4906
5001
4907
5002
4908
5003
4909
5004
4910
5005
4911
5006
4912
5007
4913
5008
4914
5009
4915
5010
4916
5011
4917
5012
4918
5013
4919
5014
4920
5015
4921
5016
4922
5017
4923
5018
4924
5019
4925
5020
4926
5021
4927
5022
4928
5023
4929
5024
4930
5025
4931
5026
4932
5027
4933
5028
4934
5029
4935
5030
4936
5031
4937
5032
4938
5033
4939
5034
4940
5035
4941
5036
4942
5037
4943
5038
5039
4945
4946
4947
4948
4949
4950
4951
4952
4953
4954
4955
4956
4957
4958
4959
4960
4961
4962
4963
4964
4965
4966
4967
4968
4969
4970
4971
4972
4973
4974
4975
4976
4977
4978
4979
4980
4981
4982
4983
4984
4985
4986
4987
4988
4989
4990
4991
4992
4993
4994
4995
4996
4997
4998
4999
5000
5001
5002
5003
5004
5005
5006
5007
5008
5009
5010
5011
5012
5013
5014
5015
5016
5017
5018
5019
5020
5021
5022
5023
5024
5025
5026
5027
5028
5029
5030
5031
5032
5033
5034
5035
5036
5037
5038
5039
-1
-1
-1
-1
-1
-1
-1
-1
-1
-1
-1
-1
-1
-1
-1
-1
-1
-1
-1
-1
-1
-1
-1
-1
-1
-1
-1
-1
-1
-1
-1
-1
-1
-1
-1
-1
-1
-1
-1
-1
-1
-1
-1
-1
-1
-1
-1
-1
-1
-1
-1
-1
-1
-1
-1
-1
-1
-1
-1
-1
-1
-1
-1
-1
-1
-1
-1
-1
-1
-1
-1
-1
-1
-1
-1
-1
-1
-1
-1
-1
-1
-1
-1
-1
-1
-1
-1
-1
-1
-1
-1
-1
-1
-1
-1
-1
-1
-1
-1
-1
-1
-1
-1
-1
-1
-1
-1
-1
-1
-1
-1
-1
-1
-1
-1
-1
-1
-1
-1
-1
-1
-1
-1
-1
-1
-1
-1
-1
-1
-1
-1
-1
-1
-1
-1
-1
-1
-1
-1
-1
-1
-1
-1
-1
-1
-1
-1
-1
-1
-1
-1
-1
-1
-1
-1
-1
-1
-1
-1
-1
-1
-1
-1
-1
-1
-1
-1
-1
-1
-1
-1
-1
-1
-1
-1
-1
-1
-1
-1
-1
-1
-1
-1
-1
-1
-1
-1
-1
-1
-1
-1
-1
-1
-1
-1
-1
-1
-1
-1
-1
-1
-1
-1
-1
-1
-1
-1
-1
-1
-1
-1
-1
-1
-1
-1
-1
-1
-1
-1
-1
-1
-1
-1
-1
-1
-1
-1
-1
-1
-1
-1
-1
-1
-1
-1
-1
-1
-1
-1
-1
-1
-1
-1
-1
-1
-1
-1
-1
-1
-1
-1
-1
-1
-1
-1
-1
-1
-1
-1
-1
-1
-1
-1
-1
-1
-1
-1
-1
-1
-1
-1
-1
-1
-1
-1
-1
-1
-1
-1
-1
-1
-1
-1
-1
-1
-1
-1
-1
-1
-1
-1
-1
-1
-1
-1
-1
-1
-1
-1
-1
-1
-1
-1
-1
-1
-1
-1
-1
-1
-1
-1
-1
-1
-1
-1
-1
-1
-1
-1
-1
-1
-1
-1
-1
-1
-1
-1
-1
-1
-1
-1
-1
-1
-1
-1
-1
-1
-1
-1
-1
-1
-1
-1
-1
-1
-1
-1
-1
-1
-1
-1
-1
-1
-1
-1
-1
-1
-1
-1
-1
-1
-1
-1
-1
-1
-1
-1
-1
-1
-1
-1
-1
-1
-1
-1
-1
-1
-1
-1
-1
-1
-1
-1
-1
-1
-1
-1
-1
-1
-1
-1
-1
-1
-1
-1
-1
-1
-1
-1
-1
-1
-1
-1
-1
-1
-1
-1
-1
-1
-1
-1
-1
-1
-1
-1
-1
-1
-1
-1
-1
-1
-1
-1
-1
-1
-1
-1
-1
-1
-1
-1
-1
-1
-1
-1
-1
-1
-1
-1
-1
-1
-1
-1
-1
-1
-1
-1
-1
-1
-1
-1
-1
-1
-1
-1
-1
-1
-1
-1
-1
-1
-1
-1
-1
-1
-1
-1
-1
-1
-1
-1
-1
-1
-1
-1
-1
-1
-1
-1
-1
-1
-1
-1
-1
-1
-1
-1
-1
-1
-1
-1
-1
-1
-1
-1
-1
-1
-1
-1
-1
-1
-1
-1
-1
-1
-1
-1
-1
-1
-1
-1
-1
-1
-1
-1
-1
-1
-1
-1
-1
-1
-1
-1
-1
-1
-1
-1
-1
-1
-1
-1
-1
-1
-1
-1
-1
-1
-1
-1
-1
-1
-1
-1
-1
-1
-1
-1
-1
-1
-1
-1
-1
-1
-1
-1
-1
-1
-1
-1
-1
-1
-1
-1
-1
-1
-1
-1
-1
-1
-1
-1
-1
-1
-1
-1
-1
-1
-1
-1
-1
-1
-1
-1
-1
-1
-1
-1
-1
-1
-1
-1
-1
-1
-1
-1
-1
-1
-1
-1
-1
-1
-1
-1
-1
-1
-1
-1
-1
-1
-1
-1
-1
-1
-1
-1
-1
-1
-1
-1
-1
-1
-1
-1
-1
-1
-1
-1
-1
-1
-1
-1
-1
-1
-1
-1
-1
-1
-1
-1
-1
-1
-1
-1
-1
-1
-1
-1
-1
-1
-1
-1
-1
-1
-1
-1
-1
-1
-1
-1
-1
-1
-1
-1
-1
-1
-1
-1
-1
-1
-1
-1
-1
-1
-1
-1
-1
-1
-1
-1
-1
-1
-1
-1
-1
-1
-1
-1
-1
-1
-1
-1
-1
-1
-1
-1
-1
-1
-1
-1
-1
-1
-1
-1
-1
-1
-1
-1
-1
-1
-1
-1
-1
-1
-1
-1
-1
-1
-1
-1
-1
-1
-1
-1
-1
-1
-1
-1
-1
-1
-1
-1
-1
-1
-1
-1
-1
-1
-1
-1
-1
-1
-1
-1
-1
-1
-1
-1
-1
-1
-1
-1
-1
-1
-1
-1
-1
-1
-1
-1
-1
-1
-1
-1
-1
-1
-1
-1
-1
-1
-1
-1
-1
-1
-1
-1
-1
-1
-1
-1
-1
-1
-1
-1
-1
-1
-1
-1
-1
-1
-1
-1
-1
-1
-1
-1
-1
-1
-1
-1
-1
-1
-1
-1
-1
-1
-1
-1
-1
-1
-1
-1
-1
-1
-1
-1
-1
-1
-1
-1
-1
-1
-1
-1
-1
-1
-1
-1
-1
-1
-1
-1
-1
-1
-1
-1
-1
-1
-1
-1
-1
-1
-1
-1
-1
-1
-1
-1
-1
-1
-1
-1
-1
-1
-1
-1
-1
-1
-1
-1
-1
-1
-1
-1
-1
-1
-1
-1
-1
-1
-1
-1
-1
-1
-1
-1
-1
-1
-1
-1
-1
-1
-1
-1
-1
-1
-1
-1
-1
-1
-1
-1
-1
-1
-1
-1
-1
-1
-1
-1
-1
-1
-1
-1
-1
-1
-1
-1
-1
-1
-1
-1
-1
-1
-1
-1
-1
-1
-1
-1
-1
-1
-1
-1
-1
-1
-1
-1
-1
-1
-1
-1
-1
-1
-1
-1
-1
-1
-1
-1
-1
-1
-1
-1
-1
-1
-1
-1
-1
-1
-1
-1
-1
-1
-1
-1
-1
-1
-1
-1
-1
-1
-1
-1
-1
-1
-1
-1
-1
-1
-1
-1
-1
-1
-1
-1
-1
-1
-1
-1
-1
-1
-1
-1
-1
-1
-1
-1
-1
-1
-1
-1
-1
-1
-1
-1
-1
-1
-1
-1
-1
-1
-1
-1
-1
-1
-1
-1
-1
-1
-1
-1
-1
-1
-1
-1
-1
-1
-1
-1
-1
-1
-1
-1
-1
-1
-1
-1
-1
-1
-1
-1
-1
-1
-1
-1
-1
-1
-1
-1
-1
-1
-1
-1
-1
-1
-1
-1
-1
-1
-1
-1
-1
-1
-1
-1
-1
-1
-1
-1
-1
-1
-1
-1
-1
-1
-1
-1
-1
-1
-1
-1
-1
-1
-1
-1
-1
-1
-1
-1
-1
-1
-1
-1
-1
-1
-1
-1
-1
-1
-1
-1
-1
-1
-1
-1
-1
-1
-1
-1
-1
-1
-1
-1
-1
-1
-1
-1
-1
-1
-1
-1
-1
-1
-1
-1
-1
-1
-1
-1
-1
-1
-1
-1
-1
-1
-1
-1
-1
-1
-1
-1
-1
-1
-1
-1
-1
-1
-1
-1
-1
-1
-1
-1
-1
-1
-1
-1
-1
-1
-1
-1
-1
-1
-1
-1
-1
-1
-1
-1
-1
-1
-1
-1
-1
-1
-1
-1
-1
-1
-1
-1
-1
-1
-1
-1
-1
-1
-1
-1
-1
-1
-1
-1
-1
-1
-1
-1
-1
-1
-1
-1
-1
-1
-1
-1
-1
-1
-1
-1
-1
-1
-1
-1
-1
-1
-1
-1
-1
-1
-1
-1
-1
-1
-1
-1
-1
-1
-1
-1
-1
-1
-1
-1
-1
-1
-1
-1
-1
-1
-1
-1
-1
-1
-1
-1
-1
-1
-1
-1
-1
-1
-1
-1
-1
-1
-1
-1
-1
-1
-1
-1
-1
-1
-1
-1
-1
-1
-1
-1
-1
-1
-1
-1
-1
-1
-1
-1
-1
-1
-1
-1
-1
-1
-1
-1
-1
-1
-1
-1
-1
-1
-1
-1
-1
-1
-1
-1
-1
-1
-1
-1
-1
-1
-1
-1
-1
-1
-1
-1
-1
-1
-1
-1
-1
-1
-1
-1
-1
-1
-1
-1
-1
-1
-1
-1
-1
-1
-1
-1
-1
-1
-1
-1
-1
-1
-1
-1
-1
-1
-1
-1
-1
-1
-1
-1
-1
-1
-1
-1
-1
-1
-1
-1
-1
-1
-1
-1
-1
-1
-1
-1
-1
-1
-1
-1
-1
-1
-1
-1
-1
-1
-1
-1
-1
-1
-1
-1
-1
-1
-1
-1
-1
-1
-1
-1
-1
-1
-1
-1
-1
-1
-1
-1
-1
-1
-1
-1
-1
-1
-1
-1
-1
-1
-1
-1
-1
-1
-1
-1
-1
-1
-1
-1
-1
-1
-1
-1
-1
-1
-1
-1
-1
-1
-1
-1
-1
-1
-1
-1
-1
-1
-1
-1
-1
-1
-1
-1
-1
-1
-1
-1
-1
-1
-1
-1
-1
-1
-1
-1
-1
-1
-1
-1
-1
-1
-1
-1
-1
-1
-1
-1
-1
-1
-1
-1
-1
-1
-1
-1
-1
-1
-1
-1
-1
-1
-1
-1
-1
-1
-1
-1
-1
-1
-1
-1
-1
-1
-1
-1
-1
-1
-1
-1
-1
-1
-1
-1
-1
-1
-1
-1
-1
-1
-1
-1
-1
-1
-1
-1
-1
-1
-1
-1
-1
-1
-1
-1
-1
-1
-1
-1
-1
-1
-1
-1
-1
-1
-1
-1
-1
-1
-1
-1
-1
-1
-1
-1
-1
-1
-1
-1
-1
-1
-1
-1
-1
-1
-1
-1
-1
-1
-1
-1
-1
-1
-1
-1
-1
-1
-1
-1
-1
-1
-1
-1
-1
-1
-1
-1
-1
-1
-1
-1
-1
-1
-1
-1
-1
-1
-1
-1
-1
-1
-1
-1
-1
-1
-1
-1
-1
-1
-1
-1
-1
-1
-1
-1
-1
-1
-1
-1
-1
-1
-1
-1
-1
-1
-1
-1
-1
-1
-1
-1
-1
-1
-1
-1
-1
-1
-1
-1
-1
-1
-1
-1
-1
-1
-1
-1
-1
-1
-1
-1
-1
-1
-1
-1
-1
-1
-1
-1
-1
-1
-1
-1
-1
-1
-1
-1
-1
-1
-1
-1
-1
-1
-1
-1
-1
-1
-1
-1
-1
-1
-1
-1
-1
-1
-1
-1
-1
-1
-1
-1
-1
-1
-1
-1
-1
-1
-1
-1
-1
-1
-1
-1
-1
-1
-1
-1
-1
-1
-1
-1
-1
-1
-1
-1
-1
-1
-1
-1
-1
-1
-1
-1
-1
-1
-1
-1
-1
-1
-1
-1
-1
-1
-1
-1
-1
-1
-1
-1
-1
-1
-1
-1
-1
-1
-1
-1
-1
-1
-1
-1
-1
-1
-1
-1
-1
-1
-1
-1
-1
-1
-1
-1
-1
-1
-1
-1
-1
-1
-1
-1
-1
-1
-1
-1
-1
-1
-1
-1
-1
-1
-1
-1
-1
-1
-1
-1
-1
-1
-1
-1
-1
-1
-1
-1
-1
-1
-1
-1
-1
-1
-1
-1
-1
-1
-1
-1
-1
-1
-1
-1
-1
-1
-1
-1
-1
-1
-1
-1
-1
-1
-1
-1
-1
-1
-1
-1
-1
-1
-1
-1
-1
-1
-1
-1
-1
-1
-1
-1
-1
-1
-1
-1
-1
-1
-1
-1
-1
-1
-1
-1
-1
-1
-1
-1
-1
-1
-1
-1
-1
-1
-1
-1
-1
-1
-1
-1
-1
-1
-1
-1
-1
-1
-1
-1
-1
-1
-1
-1
-1
-1
-1
-1
-1
-1
-1
-1
-1
-1
-1
-1
-1
-1
-1
-1
-1
-1
-1
-1
-1
-1
-1
-1
-1
-1
-1
-1
-1
-1
-1
-1
-1
-1
-1
-1
-1
-1
-1
-1
-1
-1
-1
-1
-1
-1
-1
-1
-1
-1
-1
-1
-1
-1
-1
-1
-1
-1
-1
-1
-1
-1
-1
-1
-1
-1
-1
-1
-1
-1
-1
-1
-1
-1
-1
-1
-1
-1
-1
-1
-1
-1
-1
-1
-1
-1
-1
-1
-1
-1
-1
-1
-1
-1
-1
-1
-1
-1
-1
-1
-1
-1
-1
-1
-1
-1
-1
-1
-1
-1
-1
-1
-1
-1
-1
-1
-1
-1
-1
-1
-1
-1
-1
-1
-1
-1
-1
-1
-1
-1
-1
-1
-1
-1
-1
-1
-1
-1
-1
-1
-1
-1
-1
-1
-1
-1
-1
-1
-1
-1
-1
-1
-1
-1
-1
-1
-1
-1
-1
-1
-1
-1
-1
-1
-1
-1
-1
-1
-1
-1
-1
-1
-1
-1
-1
-1
-1
-1
-1
-1
-1
-1
-1
-1
-1
-1
-1
-1
-1
-1
-1
-1
-1
-1
-1
-1
-1
-1
-1
-1
-1
-1
-1
-1
-1
-1
-1
-1
-1
-1
-1
-1
-1
-1
-1
-1
-1
-1
-1
-1
-1
-1
-1
-1
-1
-1
-1
-1
-1
-1
-1
-1
-1
-1
-1
-1
-1
-1
-1
-1
-1
-1
-1
-1
-1
-1
-1
-1
-1
-1
-1
-1
-1
-1
-1
-1
-1
-1
-1
-1
-1
-1
-1
-1
-1
-1
-1
-1
-1
-1
-1
-1
-1
-1
-1
-1
-1
-1
-1
-1
-1
-1
-1
-1
-1
-1
-1
-1
-1
-1
-1
-1
-1
-1
-1
-1
-1
-1
-1
-1
-1
-1
-1
-1
-1
-1
-1
-1
-1
-1
-1
-1
-1
-1
-1
-1
-1
-1
-1
-1
-1
-1
-1
-1
-1
-1
-1
-1
-1
-1
-1
-1
-1
-1
-1
-1
-1
-1
-1
-1
-1
-1
-1
-1
-1
-1
-1
-1
-1
-1
-1
-1
-1
-1
-1
-1
-1
-1
-1
-1
-1
-1
-1
-1
-1
-1
-1
-1
-1
-1
-1
-1
-1
-1
-1
-1
-1
-1
-1
-1
-1
-1
-1
-1
-1
-1
-1
-1
-1
-1
-1
-1
-1
-1
-1
-1
-1
-1
-1
-1
-1
-1
-1
-1
-1
-1
-1
-1
-1
-1
-1
-1
-1
-1
-1
-1
-1
-1
-1
-1
-1
-1
-1
-1
-1
-1
-1
-1
-1
-1
-1
-1
-1
-1
-1
-1
-1
-1
-1
-1
-1
-1
-1
-1
-1
-1
-1
-1
-1
-1
-1
-1
-1
-1
-1
-1
-1
-1
-1
-1
-1
-1
-1
-1
-1
-1
-1
-1
-1
-1
-1
-1
-1
-1
-1
-1
-1
-1
-1
-1
-1
-1
-1
-1
-1
-1
-1
-1
-1
-1
-1
-1
-1
-1
-1
-1
-1
-1
-1
-1
-1
-1
-1
-1
-1
-1
-1
-1
-1
-1
-1
-1
-1
-1
-1
-1
-1
-1
-1
-1
-1
-1
-1
-1
-1
-1
-1
-1
-1
-1
-1
-1
-1
-1
-1
-1
-1
-1
-1
-1
-1
-1
-1
-1
-1
-1
-1
-1
-1
-1
-1
-1
-1
-1
-1
-1
-1
-1
-1
-1
-1
-1
-1
-1
-1
-1
-1
-1
-1
-1
-1
-1
-1
-1
-1
-1
-1
-1
-1
-1
-1
-1
-1
-1
-1
-1
-1
-1
-1
-1
-1
-1
-1
-1
-1
-1
-1
-1
-1
-1
-1
-1
-1
-1
-1
-1
-1
-1
-1
-1
-1
-1
-1
-1
-1
-1
-1
-1
-1
-1
-1
-1
-1
-1
-1
-1
-1
-1
-1
-1
-1
-1
-1
-1
-1
-1
-1
-1
-1
-1
-1
-1
-1
-1
-1
-1
-1
-1
-1
-1
-1
-1
-1
-1
-1
-1
-1
-1
-1
-1
-1
-1
-1
-1
-1
-1
-1
-1
-1
-1
-1
-1
-1
-1
-1
-1
-1
-1
-1
-1
-1
-1
-1
-1
-1
-1
-1
-1
-1
-1
-1
-1
-1
-1
-1
-1
-1
-1
-1
-1
-1
-1
-1
-1
-1
-1
-1
-1
-1
-1
-1
-1
-1
-1
-1
-1
-1
-1
-1
-1
-1
-1
-1
-1
-1
-1
-1
-1
-1
-1
-1
-1
-1
-1
-1
-1
-1
-1
-1
-1
-1
-1
-1
-1
-1
-1
-1
-1
-1
-1
-1
-1
-1
-1
-1
-1
-1
-1
-1
-1
-1
-1
-1
-1
-1
-1
-1
-1
-1
-1
-1
-1
-1
-1
-1
-1
-1
-1
-1
-1
-1
-1
-1
-1
-1
-1
-1
-1
-1
-1
-1
-1
-1
-1
-1
-1
-1
-1
-1
-1
-1
-1
-1
-1
-1
-1
-1
-1
-1
-1
-1
-1
-1
-1
-1
-1
-1
-1
-1
-1
-1
-1
-1
-1
-1
-1
-1
-1
-1
-1
-1
-1
-1
-1
-1
-1
-1
-1
-1
-1
-1
-1
-1
-1
-1
-1
-1
-1
-1
-1
-1
-1
-1
-1
-1
-1
-1
-1
-1
-1
-1
-1
-1
-1
-1
-1
-1
-1
-1
-1
-1
-1
-1
-1
-1
-1
-1
-1
-1
-1
-1
-1
-1
-1
-1
-1
-1
-1
-1
-1
-1
-1
-1
-1
-1
-1
-1
-1
-1
-1
-1
-1
-1
-1
-1
-1
-1
-1
-1
-1
-1
-1
-1
-1
-1
-1
-1
-1
-1
-1
-1
-1
-1
-1
-1
-1
-1
-1
-1
-1
-1
-1
-1
-1
-1
-1
-1
-1
-1
-1
-1
-1
-1
-1
-1
-1
-1
-1
-1
-1
-1
-1
-1
-1
-1
-1
-1
-1
-1
-1
-1
-1
-1
-1
-1
-1
-1
-1
-1
-1
-1
-1
-1
-1
-1
-1
-1
-1
-1
-1
-1
-1
-1
-1
-1
-1
-1
-1
-1
-1
-1
-1
-1
-1
-1
-1
-1
-1
-1
-1
-1
-1
-1
-1
-1
-1
-1
-1
-1
-1
-1
-1
-1
-1
-1
-1
-1
-1
-1
-1
-1
-1
-1
-1
-1
-1
-1
-1
-1
-1
-1
-1
-1
-1
-1
-1
-1
-1
-1
-1
-1
-1
-1
-1
-1
-1
-1
-1
-1
-1
-1
-1
-1
-1
-1
-1
-1
-1
-1
-1
-1
-1
-1
-1
-1
-1
-1
-1
-1
-1
-1
-1
-1
-1
-1
-1
-1
-1
-1
-1
-1
-1
-1
-1
-1
-1
-1
-1
-1
-1
-1
-1
-1
-1
-1
-1
-1
-1
-1
-1
-1
-1
-1
-1
-1
-1
-1
-1
-1
-1
-1
-1
-1
-1
-1
-1
-1
-1
-1
-1
-1
-1
-1
-1
-1
-1
-1
-1
-1
-1
-1
-1
-1
-1
-1
-1
-1
-1
-1
-1
-1
-1
-1
-1
-1
-1
-1
-1
-1
-1
-1
-1
-1
-1
-1
-1
-1
-1
-1
-1
-1
-1
-1
-1
-1
-1
-1
-1
-1
-1
-1
-1
-1
-1
-1
-1
-1
-1
-1
-1
-1
-1
-1
-1
-1
-1
-1
-1
-1
-1
-1
-1
-1
-1
-1
-1
-1
-1
-1
-1
-1
-1
-1
-1
-1
-1
-1
-1
-1
-1
-1
-1
-1
-1
-1
-1
-1
-1
-1
-1
-1
-1
-1
-1
-1
-1
-1
-1
-1
-1
-1
-1
-1
-1
-1
-1
-1
-1
-1
-1
-1
-1
-1
-1
-1
-1
-1
-1
-1
-1
-1
-1
-1
-1
-1
-1
-1
-1
-1
-1
-1
-1
-1
-1
-1
-1
-1
-1
-1
-1
-1
-1
-1
-1
-1
-1
-1
-1
-1
-1
-1
-1
-1
-1
-1
-1
-1
-1
-1
-1
-1
-1
-1
-1
-1
-1
-1
-1
-1
-1
-1
-1
-1
-1
-1
-1
-1
-1
-1
-1
-1
-1
-1
-1
-1
-1
-1
-1
-1
-1
-1
-1
-1
-1
-1
-1
-1
-1
-1
-1
-1
-1
-1
-1
-1
-1
-1
-1
-1
-1
-1
-1
-1
-1
-1
-1
-1
-1
-1
-1
-1
-1
-1
-1
-1
-1
-1
-1
-1
-1
-1
-1
-1
-1
-1
-1
-1
-1
-1
-1
-1
-1
-1
-1
-1
-1
-1
-1
-1
-1
-1
-1
-1
-1
-1
-1
-1
-1
-1
-1
-1
-1
-1
-1
-1
-1
-1
-1
-1
-1
-1
-1
-1
-1
-1
-1
-1
-1
-1
-1
-1
-1
-1
-1
-1
-1
-1
-1
-1
-1
-1
-1
-1
-1
-1
-1
-1
-1
-1
-1
-1
-1
-1
-1
-1
-1
-1
-1
-1
-1
-1
-1
-1
-1
-1
-1
-1
-1
-1
-1
-1
-1
-1
-1
-1
-1
-1
-1
-1
-1
-1
-1
-1
-1
-1
-1
-1
-1
-1
-1
-1
-1
-1
-1
-1
-1
-1
-1
-1
-1
-1
-1
-1
-1
-1
-1
-1
-1
-1
-1
-1
-1
-1
-1
-1
-1
-1
-1
-1
-1
-1
-1
-1
-1
-1
-1
-1
-1
-1
-1
-1
-1
-1
-1
-1
-1
-1
-1
-1
-1
-1
-1
-1
-1
-1
-1
-1
-1
-1
-1
-1
-1
-1
-1
-1
-1
-1
-1
-1
-1
-1
-1
-1
-1
-1
-1
-1
-1
-1
-1
-1
-1
-1
-1
-1
-1
-1
-1
-1
-1
-1
-1
-1
-1
-1
-1
-1
-1
-1
-1
-1
-1
-1
-1
-1
-1
-1
-1
-1
-1
-1
-1
-1
-1
-1
-1
-1
-1
-1
-1
-1
-1
-1
-1
-1
-1
-1
-1
-1
-1
-1
-1
-1
-1
-1
-1
-1
-1
-1
-1
-1
-1
-1
-1
-1
-1
-1
-1
-1
-1
-1
-1
-1
-1
-1
-1
-1
-1
-1
-1
-1
-1
-1
-1
-1
-1
-1
-1
-1
-1
-1
-1
-1
-1
-1
-1
-1
-1
-1
-1
-1
-1
-1
-1
-1
-1
-1
-1
-1
-1
-1
-1
-1
-1
-1
-1
-1
-1
-1
-1
-1
-1
-1
-1
-1
-1
-1
-1
-1
-1
-1
-1
-1
-1
-1
-1
-1
-1
-1
-1
-1
-1
-1
-1
-1
-1
-1
-1
-1
-1
-1
-1
-1
-1
-1
-1
-1
-1
-1
-1
-1
-1
-1
-1
-1
-1
-1
-1
-1
-1
-1
-1
-1
-1
-1
-1
-1
-1
-1
-1
-1
-1
-1
-1
-1
-1
-1
-1
-1
-1
-1
-1
-1
-1
-1
-1
-1
-1
-1
-1
-1
-1
-1
-1
-1
-1
-1
-1
-1
-1
-1
-1
-1
-1
-1
-1
-1
-1
-1
-1
-1
-1
-1
-1
-1
-1
-1
-1
-1
-1
-1
-1
-1
-1
-1
-1
-1
-1
-1
-1
-1
-1
-1
-1
-1
-1
-1
-1
-1
-1
-1
-1
-1
-1
-1
-1
-1
-1
-1
-1
-1
-1
-1
-1
-1
-1
-1
-1
-1
-1
-1
-1
-1
-1
-1
-1
-1
-1
-1
-1
-1
-1
-1
-1
-1
-1
-1
-1
-1
-1
-1
-1
-1
-1
-1
-1
-1
-1
-1
-1
-1
-1
-1
-1
-1
-1
-1
-1
-1
-1
-1
-1
-1
-1
-1
-1
-1
-1
-1
-1
-1
-1
-1
-1
-1
-1
-1
-1
-1
-1
-1
-1
-1
-1
-1
-1
-1
-1
-1
-1
-1
-1
-1
-1
-1
-1
-1
-1
-1
-1
-1
-1
-1
-1
-1
-1
-1
-1
-1
-1
-1
-1
-1
-1
-1
-1
-1
-1
-1
-1
-1
-1
-1
-1
-1
-1
-1
-1
-1
-1
-1
-1
-1
-1
-1
-1
-1
-1
-1
-1
-1
-1
-1
-1
-1
-1
-1
-1
-1
-1
-1
-1
-1
-1
-1
-1
-1
-1
-1
-1
-1
-1
-1
-1
-1
-1
-1
-1
-1
-1
-1
-1
-1
-1
-1
-1
-1
-1
-1
-1
-1
-1
-1
-1
-1
-1
-1
-1
-1
-1
-1
-1
-1
-1
-1
-1
-1
-1
-1
-1
-1
-1
-1
-1
-1
-1
-1
-1
-1
-1
-1
-1
-1
-1
-1
-1
-1
-1
-1
-1
-1
-1
-1
-1
-1
-1
-1
-1
-1
-1
-1
-1
-1
-1
-1
-1
-1
-1
-1
-1
-1
-1
-1
-1
-1
-1
-1
-1
-1
-1
-1
-1
-1
-1
-1
-1
-1
-1
-1
-1
-1
-1
-1
-1
-1
-1
-1
-1
-1
-1
-1
-1
-1
-1
-1
-1
-1
-1
-1
-1
-1
-1
-1
-1
-1
-1
-1
-1
-1
-1
-1
-1
-1
-1
-1
-1
-1
-1
-1
-1
-1
-1
-1
-1
-1
-1
-1
-1
-1
-1
-1
-1
-1
-1
-1
-1
-1
-1
-1
-1
-1
-1
-1
-1
-1
-1
-1
-1
-1
-1
-1
-1
-1
-1
-1
-1
-1
-1
-1
-1
-1
-1
-1
-1
-1
-1
-1
-1
-1
-1
-1
-1
-1
-1
-1
-1
-1
-1
-1
-1
-1
-1
-1
-1
-1
-1
-1
-1
-1
-1
-1
-1
-1
-1
-1
-1
-1
-1
-1
-1
-1
-1
-1
-1
-1
-1
-1
-1
-1
-1
-1
-1
-1
-1
-1
-1
-1
-1
-1
-1
-1
-1
-1
-1
-1
-1
-1
-1
-1
-1
-1
-1
-1
-1
-1
-1
-1
-1
-1
-1
-1
-1
-1
-1
-1
-1
-1
-1
-1
-1
-1
-1
-1
-1
-1
-1
-1
-1
-1
-1
-1
-1
-1
-1
-1
-1
-1
-1
-1
-1
-1
-1
-1
-1
-1
-1
-1
-1
-1
-1
-1
-1
-1
-1
-1
-1
-1
-1
-1
-1
-1
-1
-1
-1
-1
-1
-1
-1
-1
-1
-1
-1
-1
-1
-1
-1
-1
-1
-1
-1
-1
-1
-1
-1
-1
-1
-1
-1
-1
-1
-1
-1
-1
-1
-1
-1
-1
-1
-1
-1
-1
-1
-1
-1
-1
-1
-1
-1
-1
-1
-1
-1
-1
-1
-1
-1
-1
-1
-1
-1
-1
-1
-1
-1
-1
-1
-1
-1
-1
-1
-1
-1
-1
-1
-1
-1
-1
-1
-1
-1
-1
-1
-1
-1
-1
-1
-1
-1
-1
-1
-1
-1
-1
-1
-1
-1
-1
-1
-1
-1
-1
-1
-1
-1
-1
-1
-1
-1
-1
-1
-1
-1
-1
-1
-1
-1
-1
-1
-1
-1
-1
-1
-1
-1
-1
-1
-1
-1
-1
-1
-1
-1
-1
-1
-1
-1
-1
-1
-1
-1
-1
-1
-1
-1
-1
-1
-1
-1
-1
-1
-1
-1
-1
-1
-1
-1
-1
-1
-1
-1
-1
-1
-1
-1
-1
-1
-1
-1
-1
-1
-1
-1
-1
-1
-1
-1
-1
-1
-1
-1
-1
-1
-1
-1
-1
-1
-1
-1
-1
-1
-1
-1
-1
-1
-1
-1
-1
-1
-1
-1
-1
-1
-1
-1
-1
-1
-1
-1
-1
-1
-1
-1
-1
-1
-1
-1
-1
-1
-1
-1
-1
-1
-1
-1
-1
-1
-1
-1
-1
-1
-1
-1
-1
-1
-1
-1
-1
-1
-1
-1
-1
-1
-1
-1
-1
-1
-1
-1
-1
-1
-1
-1
-1
-1
-1
-1
-1
-1
-1
-1
-1
-1
-1
-1
-1
-1
-1
-1
-1
-1
-1
-1
-1
-1
-1
-1
-1
-1
-1
-1
-1
-1
-1
-1
-1
-1
-1
-1
-1
-1
-1
-1
-1
-1
-1
-1
-1
-1
-1
-1
-1
-1
-1
-1
-1
-1
-1
-1
-1
-1
-1
-1
-1
-1
-1
-1
-1
-1
-1
-1
-1
-1
-1
-1
-1
-1
-1
-1
-1
-1
-1
-1
-1
-1
-1
-1
-1
-1
-1
-1
-1
-1
-1
-1
-1
-1
-1
-1
-1
-1
-1
-1
-1
-1
-1
-1
-1
-1
-1
-1
-1
-1
-1
-1
-1
-1
-1
-1
-1
-1
-1
-1
-1
-1
-1
-1
-1
-1
-1
-1
-1
-1
-1
-1
-1
-1
-1
-1
-1
-1
-1
-1
-1
-1
-1
-1
-1
-1
-1
-1
-1
-1
-1
-1
-1
-1
-1
-1
-1
-1
-1
-1
-1
-1
-1
-1
-1
-1
-1
-1
-1
-1
-1
-1
-1
-1
-1
-1
-1
-1
-1
-1
-1
-1
-1
-1
-1
-1
-1
-1
-1
-1
-1
-1
-1
-1
-1
-1
-1
-1
-1
-1
-1
-1
-1
-1
-1
-1
-1
-1
-1
-1
-1
-1
-1
-1
-1
-1
-1
-1
-1
-1
-1
-1
-1
-1
-1
-1
-1
-1
-1
-1
-1
-1
-1
-1
-1
-1
-1
-1
-1
-1
-1
-1
-1
-1
-1
-1
-1
-1
-1
-1
-1
-1
-1
-1
-1
-1
-1
-1
-1
-1
-1
-1
-1
-1
-1
-1
-1
-1
-1
-1
-1
-1
-1
-1
-1
-1
-1
-1
-1
-1
-1
-1
-1
-1
-1
-1
-1
-1
-1
-1
-1
-1
-1
-1
-1
-1
-1
-1
-1
-1
-1
-1
-1
-1
-1
-1
-1
-1
-1
-1
-1
-1
-1
-1
-1
-1
-1
-1
-1
-1
-1
-1
-1
-1
-1
-1
-1
-1
-1
-1
-1
-1
-1
-1
-1
-1
-1
-1
-1
-1
-1
-1
-1
-1
-1
-1
-1
-1
-1
-1
-1
-1
-1
-1
-1
-1
-1
-1
-1
-1
-1
-1
-1
-1
-1
-1
-1
-1
-1
-1
-1
-1
-1
-1
-1
-1
-1
-1
-1
-1
-1
-1
-1
-1
-1
-1
-1
-1
-1
-1
-1
-1
-1
-1
-1
-1
-1
-1
-1
-1
-1
-1
-1
-1
-1
-1
-1
-1
-1
-1
-1
-1
-1
-1
-1
-1
-1
-1
-1
-1
-1
-1
-1
-1
-1
-1
-1
-1
-1
-1
-1
-1
-1
-1
-1
-1
-1
-1
-1
-1
-1
-1
-1
-1
-1
-1
-1
-1
-1
-1
-1
-1
-1
-1
-1
-1
-1
-1
-1
-1
-1
-1
-1
-1
-1
-1
-1
-1
-1
-1
-1
-1
-1
-1
-1
-1
-1
-1
-1
-1
-1
-1
-1
-1
-1
-1
-1
-1
-1
-1
-1
-1
-1
-1
-1
-1
-1
-1
-1
-1
-1
-1
-1
-1
-1
-1
-1
-1
-1
-1
-1
-1
-1
-1
-1
-1
-1
-1
-1
-1
-1
-1
-1
-1
-1
-1
-1
-1
-1
-1
-1
-1
-1
-1
-1
-1
-1
-1
-1
-1
-1
-1
-1
-1
-1
-1
-1
-1
-1
-1
-1
-1
-1
-1
-1
-1
-1
-1
-1
-1
-1
-1
-1
-1
-1
-1
-1
-1
-1
-1
-1
-1
-1
-1
-1
-1
-1
-1
-1
-1
-1
-1
-1
-1
-1
-1
-1
-1
-1
-1
-1
-1
-1
-1
-1
-1
-1
-1
-1
-1
-1
-1
-1
-1
-1
-1
-1
-1
-1
-1
-1
-1
-1
-1
-1
-1
-1
-1
-1
-1
-1
-1
-1
-1
-1
-1
-1
-1
-1
-1
-1
-1
-1
-1
-1
-1
-1
-1
-1
-1
-1
-1
-1
-1
-1
-1
-1
-1
-1
-1
-1
-1
-1
-1
-1
-1
-1
-1
-1
-1
-1
-1
-1
-1
-1
-1
-1
-1
-1
-1
-1
-1
-1
-1
-1
-1
-1
-1
-1
-1
-1
-1
-1
-1
-1
-1
-1
-1
-1
-1
-1
-1
-1
-1
-1
-1
-1
-1
-1
-1
-1
-1
-1
-1
-1
-1
-1
-1
-1
-1
-1
-1
-1
-1
-1
-1
-1
-1
-1
-1
-1
-1
-1
-1
-1
-1
-1
-1
-1
-1
-1
-1
-1
-1
-1
-1
-1
-1
-1
-1
-1
-1
-1
-1
-1
-1
-1
-1
-1
-1
-1
-1
-1
-1
-1
-1
-1
-1
-1
-1
-1
-1
-1
-1
-1
-1
-1
-1
-1
-1
-1
-1
-1
-1
-1
-1
-1
-1
-1
-1
-1
-1
-1
-1
-1
-1
-1
-1
-1
-1
-1
-1
-1
-1
-1
-1
-1
-1
-1
-1
-1
-1
-1
-1
-1
-1
-1
-1
-1
-1
-1
-1
-1
-1
-1
-1
-1
-1
-1
-1
-1
-1
-1
-1
-1
-1
-1
-1
-1
-1
-1
-1
-1
-1
-1
-1
-1
-1
-1
-1
-1
-1
-1
-1
-1
-1
-1
-1
-1
-1
-1
-1
-1
-1
-1
-1
-1
-1
-1
-1
-1
-1
-1
-1
-1
-1
-1
-1
-1
-1
-1
-1
-1
-1
-1
-1
-1
-1
-1
-1
-1
-1
-1
-1
-1
-1
-1
-1
-1
-1
-1
-1
-1
-1
-1
-1
-1
-1
-1
-1
-1
-1
-1
-1
-1
-1
-1
-1
-1
-1
-1
-1
-1
-1
-1
-1
-1
-1
-1
-1
-1
-1
-1
-1
-1
-1
-1
-1
-1
-1
-1
-1
-1
-1
-1
-1
-1
-1
-1
-1
-1
-1
-1
-1
-1
-1
-1
-1
-1
-1
-1
-1
-1
-1
-1
-1
-1
-1
-1
-1
-1
-1
-1
-1
-1
-1
-1
-1
-1
-1
-1
-1
-1
-1
-1
-1
-1
-1
-1
-1
-1
-1
-1
-1
-1
-1
-1
-1
-1
-1
-1
-1
-1
-1
-1
-1
-1
-1
-1
-1
-1
-1
-1
-1
-1
-1
-1
-1
-1
-1
-1
-1
-1
-1
-1
-1
-1
-1
-1
-1
-1
-1
-1
-1
-1
-1
-1
-1
-1
-1
-1
-1
-1
-1
-1
-1
-1
-1
-1
-1
-1
-1
-1
-1
-1
-1
-1
-1
-1
-1
-1
-1
-1
-1
-1
-1
-1
-1
-1
-1
-1
-1
-1
-1
-1
-1
-1
-1
-1
-1
-1
-1
-1
-1
-1
-1
-1
-1
-1
-1
-1
-1
-1
-1
-1
-1
-1
-1
-1
-1
-1
-1
-1
-1
-1
-1
-1
-1
-1
-1
-1
-1
-1
-1
-1
-1
-1
-1
-1
-1
-1
-1
-1
-1
-1
-1
-1
-1
-1
-1
-1
-1
-1
-1
-1
-1
-1
-1
-1
-1
-1
-1
-1
-1
-1
-1
-1
-1
-1
-1
-1
-1
-1
-1
-1
-1
-1
-1
-1
-1
-1
-1
-1
-1
-1
-1
-1
-1
-1
-1
-1
-1
-1
-1
-1
-1
-1
-1
-1
-1
-1
-1
-1
-1
-1
-1
-1
-1
-1
-1
-1
-1
-1
-1
-1
-1
-1
-1
-1
-1
-1
-1
-1
-1
-1
-1
-1
-1
-1
-1
-1
-1
-1
-1
-1
-1
-1
-1
-1
-1
-1
-1
-1
-1
-1
-1
-1
-1
-1
-1
-1
-1
-1
-1
-1
-1
-1
-1
-1
-1
-1
-1
-1
-1
-1
-1
-1
-1
-1
-1
-1
-1
-1
-1
-1
-1
-1
-1
-1
-1
-1
-1
-1
-1
-1
-1
-1
-1
-1
-1
-1
-1
-1
-1
-1
-1
-1
-1
-1
-1
-1
-1
-1
-1
-1
-1
-1
-1
-1
-1
-1
-1
-1
-1
-1
-1
-1
-1
-1
-1
-1
-1
-1
-1
-1
-1
-1
-1
-1
-1
-1
-1
-1
-1
-1
-1
-1
-1
-1
-1
-1
-1
-1
-1
-1
-1
-1
-1
-1
-1
-1
-1
-1
-1
-1
-1
-1
-1
-1
-1
-1
-1
-1
-1
-1
-1
-1
-1
-1
-1
-1
-1
-1
-1
-1
-1
-1
-1
-1
-1
-1
-1
-1
-1
-1
-1
-1
-1
-1
-1
-1
-1
-1
-1
-1
-1
-1
-1
-1
-1
-1
-1
-1
-1
-1
-1
-1
-1
-1
-1
-1
-1
-1
-1
-1
-1
-1
-1
-1
-1
-1
-1
-1
-1
-1
-1
-1
-1
-1
-1
-1
-1
-1
-1
-1
-1
-1
-1
-1
-1
-1
-1
-1
-1
-1
-1
-1
-1
-1
-1
-1
-1
-1
-1
-1
-1
-1
-1
-1
-1
-1
-1
-1
-1
-1
-1
-1
-1
-1
-1
-1
-1
-1
-1
-1
-1
-1
-1
-1
-1
-1
-1
-1
-1
-1
-1
-1
-1
-1
-1
-1
-1
-1
-1
-1
-1
-1
-1
-1
-1
-1
-1
-1
-1
-1
-1
-1
-1
-1
-1
-1
-1
-1
-1
-1
-1
-1
-1
-1
-1
-1
-1
-1
-1
-1
-1
-1
-1
-1
-1
-1
-1
-1
-1
-1
-1
-1
-1
-1
-1
-1
-1
-1
-1
-1
-1
-1
-1
-1
-1
-1
-1
-1
-1
-1
-1
-1
-1
-1
-1
-1
-1
-1
-1
-1
-1
-1
-1
-1
-1
-1
-1
-1
-1
-1
-1
-1
-1
-1
-1
-1
-1
-1
-1
-1
-1
-1
-1
-1
-1
-1
-1
-1
-1
-1
-1
-1
-1
-1
-1
-1
-1
-1
-1
-1
-1
-1
-1
-1
-1
-1
-1
-1
-1
-1
-1
-1
-1
-1
-1
-1
-1
-1
-1
-1
-1
-1
-1
-1
-1
-1
-1
-1
-1
-1
-1
-1
-1
-1
-1
-1
-1
-1
-1
-1
-1
-1
-1
-1
-1
-1
-1
-1
-1
-1
-1
-1
-1
-1
-1
-1
-1
-1
-1
-1
-1
-1
-1
-1
-1
-1
-1
-1
-1
-1
-1
-1
-1
-1
-1
-1
-1
-1
-1
-1
-1
-1
-1
-1
-1
-1
-1
-1
-1
-1
-1
-1
-1
-1
-1
-1
-1
-1
-1
-1
-1
-1
-1
-1
-1
-1
-1
-1
-1
-1
-1
-1
-1
-1
-1
-1
-1
-1
-1
-1
-1
-1
-1
-1
-1
-1
-1
-1
-1
-1
-1
-1
-1
-1
-1
-1
-1
-1
-1
-1
-1
-1
-1
-1
-1
-1
-1
-1
-1
-1
-1
-1
-1
-1
-1
-1
-1
-1
-1
-1
-1
-1
-1
-1
-1
-1
-1
-1
-1
-1
-1
-1
-1
-1
-1
-1
-1
-1
-1
-1
-1
-1
-1
-1
-1
-1
-1
-1
-1
-1
-1
-1
-1
-1
-1
-1
-1
-1
-1
-1
-1
-1
-1
-1
-1
-1
-1
-1
-1
-1
-1
-1
-1
-1
-1
-1
-1
-1
-1
-1
-1
-1
-1
-1
-1
-1
-1
-1
-1
-1
-1
-1
-1
-1
-1
-1
-1
-1
-1
-1
-1
-1
-1
-1
-1
-1
-1
-1
-1
-1
-1
-1
-1
-1
-1
-1
-1
-1
-1
-1
-1
-1
-1
-1
-1
-1
-1
-1
-1
-1
-1
-1
-1
-1
-1
-1
-1
-1
-1
-1
-1
-1
-1
-1
-1
-1
-1
-1
-1
-1
-1
-1
-1
-1
-1
-1
-1
-1
-1
-1
-1
-1
-1
-1
-1
-1
-1
-1
-1
-1
-1
-1
-1
-1
-1
-1
-1
-1
-1
-1
-1
-1
-1
-1
-1
-1
-1
-1
-1
-1
-1
-1
-1
-1
-1
-1
-1
-1
-1
-1
-1
-1
-1
-1
-1
-1
-1
-1
-1
-1
-1
-1
-1
-1
-1
-1
-1
-1
-1
-1
-1
-1
-1
-1
-1
-1
-1
-1
-1
-1
-1
-1
-1
-1
-1
-1
-1
-1
-1
-1
-1
-1
-1
-1
-1
-1
-1
-1
-1
-1
-1
-1
-1
-1
-1
-1
-1
-1
-1
-1
-1
-1
-1
-1
-1
-1
-1
-1
-1
-1
-1
-1
-1
-1
-1
-1
-1
-1
-1
-1
-1
-1
-1
-1
-1
-1
-1
-1
-1
-1
-1
-1
-1
-1
-1
-1
-1
-1
-1
-1
-1
-1
-1
-1
-1
-1
-1
-1
-1
-1
-1
-1
-1
-1
-1
-1
-1
-1
-1
-1
-1
-1
-1
-1
-1
-1
-1
-1
-1
-1
-1
-1
-1
-1
-1
-1
-1
-1
-1
-1
-1
-1
-1
-1
-1
-1
-1
-1
-1
-1
-1
-1
-1
-1
-1
-1
-1
-1
-1
-1
-1
-1
-1
-1
-1
-1
-1
-1
-1
-1
-1
-1
-1
-1
-1
-1
-1
-1
-1
-1
-1
-1
-1
-1
-1
-1
-1
-1
-1
-1
-1
-1
-1
-1
-1
-1
-1
-1
-1
-1
-1
-1
-1
-1
-1
-1
-1
-1
-1
-1
-1
-1
-1
-1
-1
-1
-1
-1
-1
-1
-1
-1
-1
-1
-1
-1
-1
-1
-1
-1
-1
-1
-1
-1
-1
-1
-1
-1
-1
-1
-1
-1
-1
-1
-1
-1
-1
-1
-1
-1
-1
-1
-1
-1
-1
-1
-1
-1
-1
-1
-1
-1
-1
-1
-1
-1
-1
-1
-1
-1
-1
-1
-1
-1
-1
-1
-1
-1
-1
-1
-1
-1
-1
-1
-1
-1
-1
-1
-1
-1
-1
-1
-1
-1
-1
-1
-1
-1
-1
-1
-1
-1
-1
-1
-1
-1
-1
-1
-1
-1
-1
-1
-1
-1
-1
-1
-1
-1
-1
-1
-1
-1
-1
-1
-1
-1
-1
-1
-1
-1
-1
-1
-1
-1
-1
-1
-1
-1
-1
-1
-1
-1
-1
-1
-1
-1
-1
-1
-1
-1
-1
-1
-1
-1
-1
-1
-1
-1
-1
-1
-1
-1
-1
-1
-1
-1
-1
-1
-1
-1
-1
-1
-1
-1
-1
-1
-1
-1
-1
-1
-1
-1
-1
-1
-1
-1
-1
-1
-1
-1
-1
-1
-1
-1
-1
-1
-1
-1
-1
-1
-1
-1
-1
-1
-1
-1
-1
-1
-1
-1
-1
-1
-1
-1
-1
-1
-1
-1
-1
-1
-1
-1
-1
-1
-1
-1
-1
-1
-1
-1
-1
-1
-1
-1
-1
-1
-1
-1
-1
-1
-1
-1
-1
-1
-1
-1
-1
-1
-1
-1
-1
-1
-1
-1
-1
-1
-1
-1
-1
-1
-1
-1
-1
-1
-1
-1
-1
-1
-1
-1
-1
-1
-1
-1
-1
-1
-1
-1
-1
-1
-1
-1
-1
-1
-1
-1
-1
-1
-1
-1
-1
-1
-1
-1
-1
-1
-1
-1
-1
-1
-1
-1
-1
-1
-1
-1
-1
-1
-1
-1
-1
-1
-1
-1
-1
-1
-1
-1
-1
-1
-1
-1
-1
-1
-1
-1
-1
-1
-1
-1
-1
-1
-1
-1
-1
-1
-1
-1
-1
-1
-1
-1
-1
-1
-1
-1
-1
-1
-1
-1
-1
-1
-1
-1
-1
-1
-1
-1
-1
-1
-1
-1
-1
-1
-1
-1
-1
-1
-1
-1
-1
-1
-1
-1
-1
-1
-1
-1
-1
-1
-1
-1
-1
-1
-1
-1
-1
-1
-1
-1
-1
-1
-1
-1
-1
-1
-1
-1
-1
-1
-1
-1
-1
-1
-1
-1
-1
-1
-1
-1
-1
-1
-1
-1
-1
-1
-1
-1
-1
-1
-1
-1
-1
-1
-1
-1
-1
-1
-1
-1
-1
-1
-1
-1
-1
-1
-1
-1
-1
-1
-1
-1
-1
-1
-1
-1
-1
-1
-1
-1
-1
-1
-1
-1
-1
-1
-1
-1
-1
-1
-1
-1
-1
-1
-1
-1
-1
-1
-1
-1
-1
-1
-1
-1
-1
-1
-1
-1
-1
-1
-1
-1
-1
-1
-1
-1
-1
-1
-1
-1
-1
-1
-1
-1
-1
-1
-1
-1
-1
-1
-1
-1
-1
-1
-1
-1
-1
-1
-1
-1
-1
-1
-1
-1
-1
-1
-1
-1
-1
-1
-1
-1
-1
-1
-1
-1
-1
-1
-1
-1
-1
-1
-1
-1
-1
-1
-1
-1
-1
-1
-1
-1
-1
-1
-1
-1
-1
-1
-1
-1
-1
-1
-1
-1
-1
-1
-1
-1
-1
-1
-1
-1
-1
-1
-1
-1
-1
-1
-1
-1
-1
-1
-1
-1
-1
-1
-1
-1
-1
-1
-1
-1
-1
-1
-1
-1
-1
-1
-1
-1
-1
-1
-1
-1
-1
-1
-1
-1
-1
-1
-1
-1
-1
-1
-1
-1
-1
-1
-1
-1
-1
-1
-1
-1
-1
-1
-1
-1
-1
-1
-1
-1
-1
-1
-1
-1
-1
-1
-1
-1
-1
-1
-1
-1
-1
-1
-1
-1
-1
-1
-1
-1
-1
-1
-1
-1
-1
-1
-1
-1
-1
-1
-1
-1
-1
-1
-1
-1
-1
-1
-1
-1
-1
-1
-1
-1
-1
-1
-1
-1
-1
-1
-1
-1
-1
-1
-1
-1
-1
-1
-1
-1
-1
-1
-1
-1
-1
-1
-1
-1
-1
-1
-1
-1
-1
-1
-1
-1
-1
-1
-1
-1
-1
-1
-1
-1
-1
-1
-1
-1
-1
-1
-1
-1
-1
-1
-1
-1
-1
-1
-1
-1
-1
-1
-1
-1
-1
-1
-1
-1
-1
-1
-1
-1
-1
-1
-1
-1
-1
-1
-1
-1
-1
-1
-1
-1
-1
-1
-1
-1
-1
-1
-1
-1
-1
-1
-1
-1
-1
-1
-1
-1
-1
-1
-1
-1
-1
-1
-1
-1
-1
-1
-1
-1
-1
-1
-1
-1
-1
-1
-1
-1
-1
-1
-1
-1
-1
-1
-1
-1
-1
-1
-1
-1
-1
-1
-1
-1
-1
-1
-1
-1
-1
-1
-1
-1
-1
-1
-1
-1
-1
-1
-1
-1
-1
-1
-1
-1
-1
-1
-1
-1
-1
-1
-1
-1
-1
-1
-1
-1
-1
-1
-1
-1
-1
-1
-1
-1
-1
-1
-1
-1
-1
-1
-1
-1
-1
-1
-1
-1
-1
-1
-1
-1
-1
-1
-1
-1
-1
-1
-1
-1
-1
-1
-1
-1
-1
-1
-1
-1
-1
-1
-1
-1
-1
-1
-1
-1
-1
-1
-1
-1
-1
-1
-1
-1
-1
-1
-1
-1
-1
-1
-1
-1
-1
-1
-1
-1
-1
-1
-1
-1
-1
-1
-1
-1
-1
-1
-1
-1
-1
-1
-1
-1
-1
-1
-1
-1
-1
-1
-1
-1
-1
-1
-1
-1
-1
-1
-1
-1
-1
-1
-1
-1
-1
-1
-1
-1
-1
-1
-1
-1
-1
-1
-1
-1
-1
-1
-1
-1
-1
-1
-1
-1
-1
-1
-1
-1
-1
-1
-1
-1
-1
-1
-1
-1
-1
-1
-1
-1
-1
-1
-1
-1
-1
-1
-1
-1
-1
-1
-1
-1
-1
-1
-1
-1
-1
-1
-1
-1
-1
-1
-1
-1
-1
-1
-1
-1
-1
-1
-1
-1
-1
-1
-1
-1
-1
-1
-1
-1
-1
-1
-1
-1
-1
-1
-1
-1
-1
-1
-1
-1
-1
-1
-1
-1
-1
-1
-1
-1
-1
-1
-1
-1
-1
-1
-1
-1
-1
-1
-1
-1
-1
-1
-1
-1
-1
-1
-1
-1
-1
-1
-1
-1
-1
-1
-1
-1
-1
-1
-1
-1
-1
-1
-1
-1
-1
-1
-1
-1
-1
-1
-1
-1
-1
-1
-1
-1
-1
-1
-1
-1
-1
-1
-1
-1
-1
-1
-1
-1
-1
-1
-1
-1
-1
-1
-1
-1
-1
-1
-1
-1
-1
-1
-1
-1
-1
-1
-1
-1
-1
-1
-1
-1
-1
-1
-1
-1
-1
-1
-1
-1
-1
-1
-1
-1
-1
-1
-1
-1
-1
-1
-1
-1
-1
-1
-1
-1
-1
-1
-1
-1
-1
-1
-1
-1
-1
-1
-1
-1
-1
-1
-1
-1
-1
-1
-1
-1
-1
-1
-1
-1
-1
-1
-1
-1
-1
-1
-1
-1
-1
-1
-1
-1
-1
-1
-1
-1
-1
-1
-1
-1
-1
-1
-1
-1
-1
-1
-1
-1
-1
-1
-1
-1
-1
-1
-1
-1
-1
-1
-1
-1
-1
-1
-1
-1
-1
-1
-1
-1
-1
-1
-1
-1
-1
-1
-1
-1
-1
-1
-1
-1
-1
-1
-1
-1
-1
-1
-1
-1
-1
-1
-1
-1
-1
-1
-1
-1
-1
-1
-1
-1
-1
-1
-1
-1
-1
-1
-1
-1
-1
-1
-1
-1
-1
-1
-1
-1
-1
-1
-1
-1
-1
-1
-1
-1
-1
-1
-1
-1
-1
-1
-1
-1
-1
-1
-1
-1
-1
-1
-1
-1
-1
-1
-1
-1
-1
-1
-1
-1
-1
-1
-1
-1
-1
-1
-1
-1
-1
-1
-1
-1
-1
-1
-1
-1
-1
-1
-1
-1
-1
-1
-1
-1
-1
-1
-1
-1
-1
-1
-1
-1
-1
-1
-1
-1
-1
-1
-1
-1
-1
-1
-1
-1
-1
-1
-1
-1
-1
-1
-1
-1
-1
-1
-1
-1
-1
-1
-1
-1
-1
-1
-1
-1
-1
-1
-1
-1
-1
-1
-1
-1
-1
-1
-1
-1
-1
-1
-1
-1
-1
-1
-1
-1
-1
-1
-1
-1
-1
-1
-1
-1
-1
-1
-1
-1
-1
-1
-1
-1
-1
-1
-1
-1
-1
-1
-1
-1
-1
-1
-1
-1
-1
-1
-1
-1
-1
-1
-1
-1
-1
-1
-1
-1
-1
-1
-1
-1
-1
-1
-1
-1
-1
-1
-1
-1
-1
-1
-1
-1
-1
-1
-1
-1
-1
-1
-1
-1
-1
-1
-1
-1
-1
-1
-1
-1
-1
-1
-1
-1
-1
-1
-1
-1
-1
-1
-1
-1
-1
-1
-1
-1
-1
-1
-1
-1
-1
-1
-1
-1
-1
-1
-1
-1
-1
-1
-1
-1
-1
-1
-1
-1
-1
-1
-1
-1
-1
-1
-1
-1
-1
-1
-1
-1
-1
-1
-1
-1
-1
-1
-1
-1
-1
-1
-1
-1
-1
-1
-1
-1
-1
-1
-1
-1
-1
-1
-1
-1
-1
-1
-1
-1
-1
-1
-1
-1
-1
-1
-1
-1
-1
-1
-1
-1
-1
-1
-1
-1
-1
-1
-1
-1
-1
-1
-1
-1
-1
-1
-1
-1
-1
-1
-1
-1
-1
-1
-1
-1
-1
-1
-1
-1
-1
-1
-1
-1
-1
-1
-1
-1
-1
-1
-1
-1
-1
-1
-1
-1
-1
-1
-1
-1
-1
-1
-1
-1
-1
-1
-1
-1
-1
-1
-1
-1
-1
-1
-1
-1
-1
-1
-1
-1
-1
-1
-1
-1
-1
-1
-1
-1
-1
-1
-1
-1
-1
-1
-1
-1
-1
-1
-1
-1
-1
-1
-1
-1
-1
-1
-1
-1
-1
-1
-1
-1
-1
-1
-1
-1
-1
-1
-1
-1
-1
-1
-1
-1
-1
-1
-1
-1
-1
-1
-1
-1
-1
-1
-1
-1
-1
-1
-1
-1
-1
-1
-1
-1
-1
-1
-1
-1
-1
-1
-1
-1
-1
-1
-1
-1
-1
-1
-1
-1
-1
-1
-1
-1
-1
-1
-1
-1
-1
-1
-1
-1
-1
-1
-1
-1
-1
-1
-1
-1
-1
-1
-1
-1
-1
-1
-1
-1
-1
-1
-1
-1
-1
-1
-1
-1
-1
-1
-1
-1
-1
-1
-1
-1
-1
-1
-1
-1
-1
-1
-1
-1
-1
-1
-1
-1
-1
-1
-1
-1
-1
-1
-1
-1
-1
-1
-1
-1
-1
-1
-1
-1
-1
-1
-1
-1
-1
-1
-1
-1
-1
-1
-1
-1
-1
-1
-1
-1
-1
-1
-1
-1
-1
-1
-1
-1
-1
-1
-1
-1
-1
-1
-1
-1
-1
-1
-1
-1
-1
-1
-1
-1
-1
-1
-1
-1
-1
-1
-1
-1
-1
-1
-1
-1
-1
-1
-1
-1
-1
-1
-1
-1
-1
-1
-1
-1
-1
-1
-1
-1
-1
-1
-1
-1
-1
-1
-1
-1
-1
-1
-1
-1
-1
-1
-1
-1
-1
-1
-1
-1
-1
-1
-1
-1
-1
-1
-1
-1
-1
-1
-1
-1
-1
-1
-1
-1
-1
-1
-1
-1
-1
-1
-1
-1
-1
-1
-1
-1
-1
-1
-1
-1
-1
-1
-1
-1
-1
-1
-1
-1
-1
-1
-1
-1
-1
-1
-1
-1
-1
-1
-1
-1
-1
-1
-1
-1
-1
-1
-1
-1
-1
-1
-1
-1
-1
-1
-1
-1
-1
-1
-1
-1
-1
-1
-1
-1
-1
-1
-1
-1
-1
-1
-1
-1
-1
-1
-1
-1
-1
-1
-1
-1
-1
-1
-1
-1
-1
-1
-1
-1
-1
-1
-1
-1
-1
-1
-1
-1
-1
-1
-1
-1
-1
-1
-1
-1
-1
-1
-1
-1
-1
-1
-1
-1
-1
-1
-1
-1
-1
-1
-1
-1
-1
-1
-1
-1
-1
-1
-1
-1
-1
-1
-1
-1
-1
-1
-1
-1
-1
-1
-1
-1
-1
-1
-1
-1
-1
-1
-1
-1
-1
-1
-1
-1
-1
-1
-1
-1
-1
-1
-1
-1
-1
-1
-1
-1
-1
-1
-1
-1
-1
-1
-1
-1
-1
-1
-1
-1
-1
-1
-1
-1
-1
-1
-1
-1
-1
-1
-1
-1
-1
-1
-1
-1
-1
-1
-1
-1
-1
-1
-1
-1
-1
-1
-1
-1
-1
-1
-1
-1
-1
-1
-1
-1
-1
-1
-1
-1
-1
-1
-1
-1
-1
-1
-1
-1
-1
-1
-1
-1
-1
-1
-1
-1
-1
-1
-1
-1
-1
-1
-1
-1
-1
-1
-1
-1
-1
-1
-1
-1
-1
-1
-1
-1
-1
-1
-1
-1
-1
-1
-1
-1
-1
-1
-1
-1
-1
-1
-1
-1
-1
-1
-1
-1
-1
-1
-1
-1
-1
-1
-1
-1
-1
-1
-1
-1
-1
-1
-1
-1
-1
-1
-1
-1
-1
-1
-1
-1
-1
-1
-1
-1
-1
-1
-1
-1
-1
-1
-1
-1
-1
-1
-1
-1
-1
-1
-1
-1
-1
-1
-1
-1
-1
-1
-1
-1
-1
-1
-1
-1
-1
-1
-1
-1
-1
-1
-1
-1
-1
-1
-1
-1
-1
-1
-1
-1
-1
-1
-1
-1
-1
-1
-1
-1
-1
-1
-1
-1
-1
-1
-1
-1
-1
-1
-1
-1
-1
-1
-1
-1
-1
-1
-1
-1
-1
-1
-1
-1
-1
-1
-1
-1
-1
-1
-1
-1
-1
-1
-1
-1
-1
-1
-1
-1
-1
-1
-1
-1
-1
-1
-1
-1
-1
-1
-1
-1
-1
-1
-1
-1
-1
-1
-1
-1
-1
-1
-1
-1
-1
-1
-1
-1
-1
-1
-1
-1
-1
-1
-1
-1
-1
-1
-1
-1
-1
-1
-1
-1
-1
-1
-1
-1
-1
-1
-1
-1
-1
-1
-1
-1
-1
-1
-1
-1
-1
-1
-1
-1
-1
-1
-1
-1
-1
-1
-1
-1
-1
-1
-1
-1
-1
-1
-1
-1
-1
-1
-1
-1
-1
-1
-1
-1
-1
-1
-1
-1
-1
-1
-1
-1
-1
-1
-1
-1
-1
-1
-1
-1
-1
-1
-1
-1
-1
-1
-1
-1
-1
-1
-1
-1
-1
-1
-1
-1
-1
-1
-1
-1
-1
-1
-1
-1
-1
-1
-1
-1
-1
-1
-1
-1
-1
-1
-1
-1
-1
-1
-1
-1
-1
-1
-1
-1
-1
-1
-1
-1
-1
-1
-1
-1
-1
-1
-1
-1
-1
-1
-1
-1
-1
-1
-1
-1
-1
-1
-1
-1
-1
-1
-1
-1
-1
-1
-1
-1
-1
-1
-1
-1
-1
-1
-1
-1
-1
-1
-1
-1
-1
-1
-1
-1
-1
-1
-1
-1
-1
-1
-1
-1
-1
-1
-1
-1
-1
-1
-1
-1
-1
-1
-1
-1
-1
-1
-1
-1
-1
-1
-1
-1
-1
-1
-1
-1
-1
-1
-1
-1
-1
-1
-1
-1
-1
-1
-1
-1
-1
-1
-1
-1
-1
-1
-1
-1
-1
-1
-1
-1
-1
-1
-1
-1
-1
-1
-1
-1
-1
-1
-1
-1
-1
-1
-1
-1
-1
-1
-1
-1
-1
-1
-1
-1
-1
-1
-1
-1
-1
-1
-1
-1
-1
-1
-1
-1
-1
-1
-1
-1
-1
-1
-1
-1
-1
-1
-1
-1
-1
-1
-1
-1
-1
-1
-1
-1
-1
-1
-1
-1
-1
-1
-1
-1
-1
-1
-1
-1
-1
-1
-1
-1
-1
-1
-1
-1
-1
-1
-1
-1
-1
-1
-1
-1
-1
-1
-1
-1
-1
-1
-1
-1
-1
-1
-1
-1
-1
-1
-1
-1
-1
-1
-1
-1
-1
-1
-1
-1
-1
-1
-1
-1
-1
-1
-1
-1
-1
-1
-1
-1
-1
-1
-1
-1
-1
-1
-1
-1
-1
-1
-1
-1
-1
-1
-1
-1
-1
-1
-1
-1
-1
-1
-1
-1
-1
-1
-1
-1
-1
-1
-1
-1
-1
-1
-1
-1
-1
-1
-1
-1
-1
-1
-1
-1
-1
-1
-1
-1
-1
-1
-1
-1
-1
-1
-1
-1
-1
-1
-1
-1
-1
-1
-1
-1
-1
-1
-1
-1
-1
-1
-1
-1
-1
-1
-1
-1
-1
-1
-1
-1
-1
-1
-1
-1
-1
-1
-1
-1
-1
-1
-1
-1
-1
-1
-1
-1
-1
-1
-1
-1
-1
-1
-1
-1
-1
-1
-1
-1
-1
-1
-1
-1
-1
-1
-1
-1
-1
-1
-1
-1
-1
-1
-1
-1
-1
-1
-1
-1
-1
-1
-1
-1
-1
-1
-1
-1
-1
-1
-1
-1
-1
-1
-1
-1
-1
-1
-1
-1
-1
-1
-1
-1
-1
-1
-1
-1
-1
-1
-1
-1
-1
-1
-1
-1
-1
-1
-1
-1
-1
-1
-1
-1
-1
-1
-1
-1
-1
-1
-1
-1
-1
-1
-1
-1
-1
-1
-1
-1
-1
-1
-1
-1
-1
-1
-1
-1
-1
-1
-1
-1
-1
-1
-1
-1
-1
-1
-1
-1
-1
-1
-1
-1
-1
-1
-1
-1
-1
-1
-1
-1
-1
-1
-1
-1
-1
-1
-1
-1
-1
-1
-1
-1
-1
-1
-1
-1
-1
-1
-1
-1
-1
-1
-1
-1
-1
-1
-1
-1
-1
-1
-1
-1
-1
-1
-1
-1
-1
-1
-1
-1
-1
-1
-1
-1
-1
-1
-1
-1
-1
-1
-1
-1
-1
-1
-1
-1
-1
-1
-1
-1
-1
-1
-1
-1
-1
-1
-1
-1
-1
-1
-1
-1
-1
-1
-1
-1
-1
-1
-1
-1
-1
-1
-1
-1
-1
-1
-1
-1
-1
-1
-1
-1
-1
-1
-1
-1
-1
-1
-1
-1
-1
-1
-1
-1
-1
-1
-1
-1
-1
-1
-1
-1
-1
-1
-1
-1
-1
-1
-1
-1
-1
-1
-1
-1
-1
-1
-1
-1
-1
-1
-1
-1
-1
-1
-1
-1
-1
-1
-1
-1
-1
-1
-1
-1
-1
-1
-1
-1
-1
-1
-1
-1
-1
-1
-1
-1
-1
-1
-1
-1
-1
-1
-1
-1
-1
-1
-1
-1
-1
-1
-1
-1
-1
-1
-1
-1
-1
-1
-1
-1
-1
-1
-1
-1
-1
-1
-1
-1
-1
-1
-1
-1
-1
-1
-1
-1
-1
-1
-1
-1
-1
-1
-1
-1
-1
-1
-1
-1
-1
-1
-1
-1
-1
-1
-1
-1
-1
-1
-1
-1
-1
-1
-1
-1
-1
-1
-1
-1
-1
-1
-1
-1
-1
-1
-1
-1
-1
-1
-1
-1
-1
-1
-1
-1
-1
-1
-1
-1
-1
-1
-1
-1
-1
-1
-1
-1
-1
-1
-1
-1
-1
-1
-1
-1
-1
-1
-1
-1
-1
-1
-1
-1
-1
-1
-1
-1
-1
-1
-1
-1
-1
-1
-1
-1
-1
-1
-1
-1
-1
-1
-1
-1
-1
-1
-1
-1
-1
-1
-1
-1
-1
-1
-1
-1
-1
-1
-1
-1
-1
-1
-1
-1
-1
-1
-1
-1
-1
-1
-1
-1
-1
-1
-1
-1
-1
-1
-1
-1
-1
-1
-1
-1
-1
-1
-1
-1
-1
-1
-1
-1
-1
-1
-1
-1
-1
-1
-1
-1
-1
-1
-1
-1
-1
-1
-1
-1
-1
-1
-1
-1
-1
-1
-1
-1
-1
-1
-1
-1
-1
-1
-1
-1
-1
-1
-1
-1
-1
-1
-1
-1
-1
-1
-1
-1
-1
-1
-1
-1
-1
-1
-1
-1
-1
-1
-1
-1
-1
-1
-1
-1
-1
-1
-1
-1
-1
-1
-1
-1
-1
-1
-1
-1
-1
-1
-1
-1
-1
-1
-1
-1
-1
-1
-1
-1
-1
-1
-1
-1
-1
-1
-1
-1
-1
-1
-1
-1
-1
-1
-1
-1
-1
-1
-1
-1
-1
-1
-1
-1
-1
-1
-1
-1
-1
-1
-1
-1
-1
-1
-1
-1
-1
-1
-1
-1
-1
-1
-1
-1
-1
-1
-1
-1
-1
-1
-1
-1
-1
-1
-1
-1
-1
-1
-1
-1
-1
-1
-1
-1
-1
-1
-1
-1
-1
-1
-1
-1
-1
-1
-1
-1
-1
-1
-1
-1
-1
-1
-1
-1
-1
-1
-1
-1
-1
-1
-1
-1
-1
-1
-1
-1
-1
-1
-1
-1
-1
-1
-1
-1
-1
-1
-1
-1
-1
-1
-1
-1
-1
-1
-1
-1
-1
-1
-1
-1
-1
-1
-1
-1
-1
-1
-1
-1
-1
-1
-1
-1
-1
-1
-1
-1
-1
-1
-1
-1
-1
-1
-1
-1
-1
-1
-1
-1
-1
-1
-1
-1
-1
-1
-1
-1
-1
-1
-1
-1
-1
-1
-1
-1
-1
-1
-1
-1
-1
-1
-1
-1
-1
-1
-1
-1
-1
-1
-1
-1
-1
-1
-1
-1
-1
-1
-1
-1
-1
-1
-1
-1
-1
-1
-1
-1
-1
-1
-1
-1
-1
-1
-1
-1
-1
-1
-1
-1
-1
-1
-1
-1
-1
-1
-1
-1
-1
-1
-1
-1
-1
-1
-1
-1
-1
-1
-1
-1
-1
-1
-1
-1
-1
-1
-1
-1
-1
-1
-1
-1
-1
-1
-1
-1
-1
-1
-1
-1
-1
-1
-1
-1
-1
-1
-1
-1
-1
-1
-1
-1
-1
-1
-1
-1
-1
-1
-1
-1
-1
-1
-1
-1
-1
-1
-1
-1
-1
-1
-1
-1
-1
-1
-1
-1
-1
-1
-1
-1
-1
-1
-1
-1
-1
-1
-1
-1
-1
-1
-1
-1
-1
-1
-1
-1
-1
-1
-1
-1
-1
-1
-1
-1
-1
-1
-1
-1
-1
-1
-1
-1
-1
-1
-1
-1
-1
-1
-1
-1
-1
-1
-1
-1
-1
-1
-1
-1
-1
-1
-1
-1
-1
-1
-1
-1
-1
-1
-1
-1
-1
-1
-1
-1
-1
-1
-1
-1
-1
-1
-1
-1
-1
-1
-1
-1
-1
-1
-1
-1
-1
-1
-1
-1
-1
-1
-1
-1
-1
-1
-1
-1
-1
-1
-1
-1
-1
-1
-1
-1
-1
-1
-1
-1
-1
-1
-1
-1
-1
-1
-1
-1
-1
-1
-1
-1
-1
-1
-1
-1
-1
-1
-1
-1
-1
-1
-1
-1
-1
-1
-1
-1
-1
-1
-1
-1
-1
-1
-1
-1
-1
-1
-1
-1
-1
-1
-1
-1
-1
-1
-1
-1
-1
-1
-1
-1
-1
-1
-1
-1
-1
-1
-1
-1
-1
-1
-1
-1
-1
-1
-1
-1
-1
-1
-1
-1
-1
-1
-1
-1
-1
-1
-1
-1
-1
-1
-1
-1
-1
-1
-1
-1
-1
-1
-1
-1
-1
-1
-1
-1
-1
-1
-1
-1
-1
-1
-1
-1
-1
-1
-1
-1
-1
-1
-1
-1
-1
-1
-1
-1
-1
-1
-1
-1
-1
-1
-1
-1
-1
-1
-1
-1
-1
-1
-1
-1
-1
-1
-1
-1
-1
-1
-1
-1
-1
-1
-1
-1
-1
-1
-1
-1
-1
-1
-1
-1
-1
-1
-1
-1
-1
-1
-1
-1
-1
-1
-1
-1
-1
-1
-1
-1
-1
-1
-1
-1
-1
-1
-1
-1
-1
-1
-1
-1
-1
-1
-1
-1
-1
-1
-1
-1
-1
-1
-1
-1
-1
-1
-1
-1
-1
-1
-1
-1
-1
-1
-1
-1
-1
-1
-1
-1
-1
-1
-1
-1
-1
-1
-1
-1
-1
-1
-1
-1
-1
-1
-1
-1
-1
-1
-1
-1
-1
-1
-1
-1
-1
-1
-1
-1
-1
-1
-1
-1
-1
-1
-1
-1
-1
-1
-1
-1
-1
-1
-1
-1
-1
-1
-1
-1
-1
-1
-1
-1
-1
-1
-1
-1
-1
-1
-1
-1
-1
-1
-1
-1
-1
-1
-1
-1
-1
-1
)


// ************************************************************************* //
