/*--------------------------------*- C++ -*----------------------------------*\
| =========                 |                                                 |
| \\      /  F ield         | OpenFOAM: The Open Source CFD Toolbox           |
|  \\    /   O peration     | Version:  1.4.1                                 |
|   \\  /    A nd           | Web:      http://www.openfoam.org               |
|    \\/     M anipulation  |                                                 |
\*---------------------------------------------------------------------------*/

FoamFile
{
    version 2.0;
    format ascii;

    root "/home/elisa/TESI/VALIDAZIONE/SHOCK";
    case "TEST_SonicFoam";
    instance "constant";
    local "polyMesh";

    class vectorField;
    object points;
}

// * * * * * * * * * * * * * * * * * * * * * * * * * * * * * * * * * * * * * //


3402
(
(0 0 0)
(0.0516045 0 0)
(0.103209 0 0)
(0.1548135 0 0)
(0.206418 0 0)
(0.2580225 0 0)
(0.309627 0 0)
(0.3612315 0 0)
(0.412836 0 0)
(0.4644405 0 0)
(0.516045 0 0)
(0.5676495 0 0)
(0.619254 0 0)
(0.6708585 0 0)
(0.722463 0 0)
(0.7740675 0 0)
(0.825672 0 0)
(0.8772765 0 0)
(0.928881 0 0)
(0.9804855 0 0)
(1.03209 0 0)
(1.0836945 0 0)
(1.135299 0 0)
(1.1869035 0 0)
(1.238508 0 0)
(1.2901125 0 0)
(1.341717 0 0)
(1.3933215 0 0)
(1.444926 0 0)
(1.4965305 0 0)
(1.548135 0 0)
(1.5997395 0 0)
(1.651344 0 0)
(1.7029485 0 0)
(1.754553 0 0)
(1.8061575 0 0)
(1.857762 0 0)
(1.9093665 0 0)
(1.960971 0 0)
(2.0125755 0 0)
(2.06418 0 0)
(2.1157845 0 0)
(2.167389 0 0)
(2.2189935 0 0)
(2.270598 0 0)
(2.3222025 0 0)
(2.373807 0 0)
(2.4254115 0 0)
(2.477016 0 0)
(2.5286205 0 0)
(2.580225 0 0)
(2.6318295 0 0)
(2.683434 0 0)
(2.7350385 0 0)
(2.786643 0 0)
(2.8382475 0 0)
(2.889852 0 0)
(2.9414565 0 0)
(2.993061 0 0)
(3.0446655 0 0)
(3.09627 0 0)
(3.1478745 0 0)
(3.199479 0 0)
(3.2510835 0 0)
(3.302688 0 0)
(3.3542925 0 0)
(3.405897 0 0)
(3.4575015 0 0)
(3.509106 0 0)
(3.5607105 0 0)
(3.612315 0 0)
(3.6639195 0 0)
(3.715524 0 0)
(3.7671285 0 0)
(3.818733 0 0)
(3.8703375 0 0)
(3.921942 0 0)
(3.9735465 0 0)
(4.025151 0 0)
(4.0767555 0 0)
(4.12836 0 0)
(0 0.05 0)
(0.0516045 0.05 0)
(0.103209 0.05 0)
(0.1548135 0.05 0)
(0.206418 0.05 0)
(0.2580225 0.05 0)
(0.309627 0.05 0)
(0.3612315 0.05 0)
(0.412836 0.05 0)
(0.4644405 0.05 0)
(0.516045 0.05 0)
(0.5676495 0.05 0)
(0.619254 0.05 0)
(0.6708585 0.05 0)
(0.722463 0.05 0)
(0.7740675 0.05 0)
(0.825672 0.05 0)
(0.8772765 0.05 0)
(0.928881 0.05 0)
(0.9804855 0.05 0)
(1.03209 0.05 0)
(1.0836945 0.05 0)
(1.135299 0.05 0)
(1.1869035 0.05 0)
(1.238508 0.05 0)
(1.2901125 0.05 0)
(1.341717 0.05 0)
(1.3933215 0.05 0)
(1.444926 0.05 0)
(1.4965305 0.05 0)
(1.548135 0.05 0)
(1.5997395 0.05 0)
(1.651344 0.05 0)
(1.7029485 0.05 0)
(1.754553 0.05 0)
(1.8061575 0.05 0)
(1.857762 0.05 0)
(1.9093665 0.05 0)
(1.960971 0.05 0)
(2.0125755 0.05 0)
(2.06418 0.05 0)
(2.1157845 0.05 0)
(2.167389 0.05 0)
(2.2189935 0.05 0)
(2.270598 0.05 0)
(2.3222025 0.05 0)
(2.373807 0.05 0)
(2.4254115 0.05 0)
(2.477016 0.05 0)
(2.5286205 0.05 0)
(2.580225 0.05 0)
(2.6318295 0.05 0)
(2.683434 0.05 0)
(2.7350385 0.05 0)
(2.786643 0.05 0)
(2.8382475 0.05 0)
(2.889852 0.05 0)
(2.9414565 0.05 0)
(2.993061 0.05 0)
(3.0446655 0.05 0)
(3.09627 0.05 0)
(3.1478745 0.05 0)
(3.199479 0.05 0)
(3.2510835 0.05 0)
(3.302688 0.05 0)
(3.3542925 0.05 0)
(3.405897 0.05 0)
(3.4575015 0.05 0)
(3.509106 0.05 0)
(3.5607105 0.05 0)
(3.612315 0.05 0)
(3.6639195 0.05 0)
(3.715524 0.05 0)
(3.7671285 0.05 0)
(3.818733 0.05 0)
(3.8703375 0.05 0)
(3.921942 0.05 0)
(3.9735465 0.05 0)
(4.025151 0.05 0)
(4.0767555 0.05 0)
(4.12836 0.05 0)
(0 0.1 0)
(0.0516045 0.1 0)
(0.103209 0.1 0)
(0.1548135 0.1 0)
(0.206418 0.1 0)
(0.2580225 0.1 0)
(0.309627 0.1 0)
(0.3612315 0.1 0)
(0.412836 0.1 0)
(0.4644405 0.1 0)
(0.516045 0.1 0)
(0.5676495 0.1 0)
(0.619254 0.1 0)
(0.6708585 0.1 0)
(0.722463 0.1 0)
(0.7740675 0.1 0)
(0.825672 0.1 0)
(0.8772765 0.1 0)
(0.928881 0.1 0)
(0.9804855 0.1 0)
(1.03209 0.1 0)
(1.0836945 0.1 0)
(1.135299 0.1 0)
(1.1869035 0.1 0)
(1.238508 0.1 0)
(1.2901125 0.1 0)
(1.341717 0.1 0)
(1.3933215 0.1 0)
(1.444926 0.1 0)
(1.4965305 0.1 0)
(1.548135 0.1 0)
(1.5997395 0.1 0)
(1.651344 0.1 0)
(1.7029485 0.1 0)
(1.754553 0.1 0)
(1.8061575 0.1 0)
(1.857762 0.1 0)
(1.9093665 0.1 0)
(1.960971 0.1 0)
(2.0125755 0.1 0)
(2.06418 0.1 0)
(2.1157845 0.1 0)
(2.167389 0.1 0)
(2.2189935 0.1 0)
(2.270598 0.1 0)
(2.3222025 0.1 0)
(2.373807 0.1 0)
(2.4254115 0.1 0)
(2.477016 0.1 0)
(2.5286205 0.1 0)
(2.580225 0.1 0)
(2.6318295 0.1 0)
(2.683434 0.1 0)
(2.7350385 0.1 0)
(2.786643 0.1 0)
(2.8382475 0.1 0)
(2.889852 0.1 0)
(2.9414565 0.1 0)
(2.993061 0.1 0)
(3.0446655 0.1 0)
(3.09627 0.1 0)
(3.1478745 0.1 0)
(3.199479 0.1 0)
(3.2510835 0.1 0)
(3.302688 0.1 0)
(3.3542925 0.1 0)
(3.405897 0.1 0)
(3.4575015 0.1 0)
(3.509106 0.1 0)
(3.5607105 0.1 0)
(3.612315 0.1 0)
(3.6639195 0.1 0)
(3.715524 0.1 0)
(3.7671285 0.1 0)
(3.818733 0.1 0)
(3.8703375 0.1 0)
(3.921942 0.1 0)
(3.9735465 0.1 0)
(4.025151 0.1 0)
(4.0767555 0.1 0)
(4.12836 0.1 0)
(0 0.15 0)
(0.0516045 0.15 0)
(0.103209 0.15 0)
(0.1548135 0.15 0)
(0.206418 0.15 0)
(0.2580225 0.15 0)
(0.309627 0.15 0)
(0.3612315 0.15 0)
(0.412836 0.15 0)
(0.4644405 0.15 0)
(0.516045 0.15 0)
(0.5676495 0.15 0)
(0.619254 0.15 0)
(0.6708585 0.15 0)
(0.722463 0.15 0)
(0.7740675 0.15 0)
(0.825672 0.15 0)
(0.8772765 0.15 0)
(0.928881 0.15 0)
(0.9804855 0.15 0)
(1.03209 0.15 0)
(1.0836945 0.15 0)
(1.135299 0.15 0)
(1.1869035 0.15 0)
(1.238508 0.15 0)
(1.2901125 0.15 0)
(1.341717 0.15 0)
(1.3933215 0.15 0)
(1.444926 0.15 0)
(1.4965305 0.15 0)
(1.548135 0.15 0)
(1.5997395 0.15 0)
(1.651344 0.15 0)
(1.7029485 0.15 0)
(1.754553 0.15 0)
(1.8061575 0.15 0)
(1.857762 0.15 0)
(1.9093665 0.15 0)
(1.960971 0.15 0)
(2.0125755 0.15 0)
(2.06418 0.15 0)
(2.1157845 0.15 0)
(2.167389 0.15 0)
(2.2189935 0.15 0)
(2.270598 0.15 0)
(2.3222025 0.15 0)
(2.373807 0.15 0)
(2.4254115 0.15 0)
(2.477016 0.15 0)
(2.5286205 0.15 0)
(2.580225 0.15 0)
(2.6318295 0.15 0)
(2.683434 0.15 0)
(2.7350385 0.15 0)
(2.786643 0.15 0)
(2.8382475 0.15 0)
(2.889852 0.15 0)
(2.9414565 0.15 0)
(2.993061 0.15 0)
(3.0446655 0.15 0)
(3.09627 0.15 0)
(3.1478745 0.15 0)
(3.199479 0.15 0)
(3.2510835 0.15 0)
(3.302688 0.15 0)
(3.3542925 0.15 0)
(3.405897 0.15 0)
(3.4575015 0.15 0)
(3.509106 0.15 0)
(3.5607105 0.15 0)
(3.612315 0.15 0)
(3.6639195 0.15 0)
(3.715524 0.15 0)
(3.7671285 0.15 0)
(3.818733 0.15 0)
(3.8703375 0.15 0)
(3.921942 0.15 0)
(3.9735465 0.15 0)
(4.025151 0.15 0)
(4.0767555 0.15 0)
(4.12836 0.15 0)
(0 0.2 0)
(0.0516045 0.2 0)
(0.103209 0.2 0)
(0.1548135 0.2 0)
(0.206418 0.2 0)
(0.2580225 0.2 0)
(0.309627 0.2 0)
(0.3612315 0.2 0)
(0.412836 0.2 0)
(0.4644405 0.2 0)
(0.516045 0.2 0)
(0.5676495 0.2 0)
(0.619254 0.2 0)
(0.6708585 0.2 0)
(0.722463 0.2 0)
(0.7740675 0.2 0)
(0.825672 0.2 0)
(0.8772765 0.2 0)
(0.928881 0.2 0)
(0.9804855 0.2 0)
(1.03209 0.2 0)
(1.0836945 0.2 0)
(1.135299 0.2 0)
(1.1869035 0.2 0)
(1.238508 0.2 0)
(1.2901125 0.2 0)
(1.341717 0.2 0)
(1.3933215 0.2 0)
(1.444926 0.2 0)
(1.4965305 0.2 0)
(1.548135 0.2 0)
(1.5997395 0.2 0)
(1.651344 0.2 0)
(1.7029485 0.2 0)
(1.754553 0.2 0)
(1.8061575 0.2 0)
(1.857762 0.2 0)
(1.9093665 0.2 0)
(1.960971 0.2 0)
(2.0125755 0.2 0)
(2.06418 0.2 0)
(2.1157845 0.2 0)
(2.167389 0.2 0)
(2.2189935 0.2 0)
(2.270598 0.2 0)
(2.3222025 0.2 0)
(2.373807 0.2 0)
(2.4254115 0.2 0)
(2.477016 0.2 0)
(2.5286205 0.2 0)
(2.580225 0.2 0)
(2.6318295 0.2 0)
(2.683434 0.2 0)
(2.7350385 0.2 0)
(2.786643 0.2 0)
(2.8382475 0.2 0)
(2.889852 0.2 0)
(2.9414565 0.2 0)
(2.993061 0.2 0)
(3.0446655 0.2 0)
(3.09627 0.2 0)
(3.1478745 0.2 0)
(3.199479 0.2 0)
(3.2510835 0.2 0)
(3.302688 0.2 0)
(3.3542925 0.2 0)
(3.405897 0.2 0)
(3.4575015 0.2 0)
(3.509106 0.2 0)
(3.5607105 0.2 0)
(3.612315 0.2 0)
(3.6639195 0.2 0)
(3.715524 0.2 0)
(3.7671285 0.2 0)
(3.818733 0.2 0)
(3.8703375 0.2 0)
(3.921942 0.2 0)
(3.9735465 0.2 0)
(4.025151 0.2 0)
(4.0767555 0.2 0)
(4.12836 0.2 0)
(0 0.25 0)
(0.0516045 0.25 0)
(0.103209 0.25 0)
(0.1548135 0.25 0)
(0.206418 0.25 0)
(0.2580225 0.25 0)
(0.309627 0.25 0)
(0.3612315 0.25 0)
(0.412836 0.25 0)
(0.4644405 0.25 0)
(0.516045 0.25 0)
(0.5676495 0.25 0)
(0.619254 0.25 0)
(0.6708585 0.25 0)
(0.722463 0.25 0)
(0.7740675 0.25 0)
(0.825672 0.25 0)
(0.8772765 0.25 0)
(0.928881 0.25 0)
(0.9804855 0.25 0)
(1.03209 0.25 0)
(1.0836945 0.25 0)
(1.135299 0.25 0)
(1.1869035 0.25 0)
(1.238508 0.25 0)
(1.2901125 0.25 0)
(1.341717 0.25 0)
(1.3933215 0.25 0)
(1.444926 0.25 0)
(1.4965305 0.25 0)
(1.548135 0.25 0)
(1.5997395 0.25 0)
(1.651344 0.25 0)
(1.7029485 0.25 0)
(1.754553 0.25 0)
(1.8061575 0.25 0)
(1.857762 0.25 0)
(1.9093665 0.25 0)
(1.960971 0.25 0)
(2.0125755 0.25 0)
(2.06418 0.25 0)
(2.1157845 0.25 0)
(2.167389 0.25 0)
(2.2189935 0.25 0)
(2.270598 0.25 0)
(2.3222025 0.25 0)
(2.373807 0.25 0)
(2.4254115 0.25 0)
(2.477016 0.25 0)
(2.5286205 0.25 0)
(2.580225 0.25 0)
(2.6318295 0.25 0)
(2.683434 0.25 0)
(2.7350385 0.25 0)
(2.786643 0.25 0)
(2.8382475 0.25 0)
(2.889852 0.25 0)
(2.9414565 0.25 0)
(2.993061 0.25 0)
(3.0446655 0.25 0)
(3.09627 0.25 0)
(3.1478745 0.25 0)
(3.199479 0.25 0)
(3.2510835 0.25 0)
(3.302688 0.25 0)
(3.3542925 0.25 0)
(3.405897 0.25 0)
(3.4575015 0.25 0)
(3.509106 0.25 0)
(3.5607105 0.25 0)
(3.612315 0.25 0)
(3.6639195 0.25 0)
(3.715524 0.25 0)
(3.7671285 0.25 0)
(3.818733 0.25 0)
(3.8703375 0.25 0)
(3.921942 0.25 0)
(3.9735465 0.25 0)
(4.025151 0.25 0)
(4.0767555 0.25 0)
(4.12836 0.25 0)
(0 0.3 0)
(0.0516045 0.3 0)
(0.103209 0.3 0)
(0.1548135 0.3 0)
(0.206418 0.3 0)
(0.2580225 0.3 0)
(0.309627 0.3 0)
(0.3612315 0.3 0)
(0.412836 0.3 0)
(0.4644405 0.3 0)
(0.516045 0.3 0)
(0.5676495 0.3 0)
(0.619254 0.3 0)
(0.6708585 0.3 0)
(0.722463 0.3 0)
(0.7740675 0.3 0)
(0.825672 0.3 0)
(0.8772765 0.3 0)
(0.928881 0.3 0)
(0.9804855 0.3 0)
(1.03209 0.3 0)
(1.0836945 0.3 0)
(1.135299 0.3 0)
(1.1869035 0.3 0)
(1.238508 0.3 0)
(1.2901125 0.3 0)
(1.341717 0.3 0)
(1.3933215 0.3 0)
(1.444926 0.3 0)
(1.4965305 0.3 0)
(1.548135 0.3 0)
(1.5997395 0.3 0)
(1.651344 0.3 0)
(1.7029485 0.3 0)
(1.754553 0.3 0)
(1.8061575 0.3 0)
(1.857762 0.3 0)
(1.9093665 0.3 0)
(1.960971 0.3 0)
(2.0125755 0.3 0)
(2.06418 0.3 0)
(2.1157845 0.3 0)
(2.167389 0.3 0)
(2.2189935 0.3 0)
(2.270598 0.3 0)
(2.3222025 0.3 0)
(2.373807 0.3 0)
(2.4254115 0.3 0)
(2.477016 0.3 0)
(2.5286205 0.3 0)
(2.580225 0.3 0)
(2.6318295 0.3 0)
(2.683434 0.3 0)
(2.7350385 0.3 0)
(2.786643 0.3 0)
(2.8382475 0.3 0)
(2.889852 0.3 0)
(2.9414565 0.3 0)
(2.993061 0.3 0)
(3.0446655 0.3 0)
(3.09627 0.3 0)
(3.1478745 0.3 0)
(3.199479 0.3 0)
(3.2510835 0.3 0)
(3.302688 0.3 0)
(3.3542925 0.3 0)
(3.405897 0.3 0)
(3.4575015 0.3 0)
(3.509106 0.3 0)
(3.5607105 0.3 0)
(3.612315 0.3 0)
(3.6639195 0.3 0)
(3.715524 0.3 0)
(3.7671285 0.3 0)
(3.818733 0.3 0)
(3.8703375 0.3 0)
(3.921942 0.3 0)
(3.9735465 0.3 0)
(4.025151 0.3 0)
(4.0767555 0.3 0)
(4.12836 0.3 0)
(0 0.35 0)
(0.0516045 0.35 0)
(0.103209 0.35 0)
(0.1548135 0.35 0)
(0.206418 0.35 0)
(0.2580225 0.35 0)
(0.309627 0.35 0)
(0.3612315 0.35 0)
(0.412836 0.35 0)
(0.4644405 0.35 0)
(0.516045 0.35 0)
(0.5676495 0.35 0)
(0.619254 0.35 0)
(0.6708585 0.35 0)
(0.722463 0.35 0)
(0.7740675 0.35 0)
(0.825672 0.35 0)
(0.8772765 0.35 0)
(0.928881 0.35 0)
(0.9804855 0.35 0)
(1.03209 0.35 0)
(1.0836945 0.35 0)
(1.135299 0.35 0)
(1.1869035 0.35 0)
(1.238508 0.35 0)
(1.2901125 0.35 0)
(1.341717 0.35 0)
(1.3933215 0.35 0)
(1.444926 0.35 0)
(1.4965305 0.35 0)
(1.548135 0.35 0)
(1.5997395 0.35 0)
(1.651344 0.35 0)
(1.7029485 0.35 0)
(1.754553 0.35 0)
(1.8061575 0.35 0)
(1.857762 0.35 0)
(1.9093665 0.35 0)
(1.960971 0.35 0)
(2.0125755 0.35 0)
(2.06418 0.35 0)
(2.1157845 0.35 0)
(2.167389 0.35 0)
(2.2189935 0.35 0)
(2.270598 0.35 0)
(2.3222025 0.35 0)
(2.373807 0.35 0)
(2.4254115 0.35 0)
(2.477016 0.35 0)
(2.5286205 0.35 0)
(2.580225 0.35 0)
(2.6318295 0.35 0)
(2.683434 0.35 0)
(2.7350385 0.35 0)
(2.786643 0.35 0)
(2.8382475 0.35 0)
(2.889852 0.35 0)
(2.9414565 0.35 0)
(2.993061 0.35 0)
(3.0446655 0.35 0)
(3.09627 0.35 0)
(3.1478745 0.35 0)
(3.199479 0.35 0)
(3.2510835 0.35 0)
(3.302688 0.35 0)
(3.3542925 0.35 0)
(3.405897 0.35 0)
(3.4575015 0.35 0)
(3.509106 0.35 0)
(3.5607105 0.35 0)
(3.612315 0.35 0)
(3.6639195 0.35 0)
(3.715524 0.35 0)
(3.7671285 0.35 0)
(3.818733 0.35 0)
(3.8703375 0.35 0)
(3.921942 0.35 0)
(3.9735465 0.35 0)
(4.025151 0.35 0)
(4.0767555 0.35 0)
(4.12836 0.35 0)
(0 0.4 0)
(0.0516045 0.4 0)
(0.103209 0.4 0)
(0.1548135 0.4 0)
(0.206418 0.4 0)
(0.2580225 0.4 0)
(0.309627 0.4 0)
(0.3612315 0.4 0)
(0.412836 0.4 0)
(0.4644405 0.4 0)
(0.516045 0.4 0)
(0.5676495 0.4 0)
(0.619254 0.4 0)
(0.6708585 0.4 0)
(0.722463 0.4 0)
(0.7740675 0.4 0)
(0.825672 0.4 0)
(0.8772765 0.4 0)
(0.928881 0.4 0)
(0.9804855 0.4 0)
(1.03209 0.4 0)
(1.0836945 0.4 0)
(1.135299 0.4 0)
(1.1869035 0.4 0)
(1.238508 0.4 0)
(1.2901125 0.4 0)
(1.341717 0.4 0)
(1.3933215 0.4 0)
(1.444926 0.4 0)
(1.4965305 0.4 0)
(1.548135 0.4 0)
(1.5997395 0.4 0)
(1.651344 0.4 0)
(1.7029485 0.4 0)
(1.754553 0.4 0)
(1.8061575 0.4 0)
(1.857762 0.4 0)
(1.9093665 0.4 0)
(1.960971 0.4 0)
(2.0125755 0.4 0)
(2.06418 0.4 0)
(2.1157845 0.4 0)
(2.167389 0.4 0)
(2.2189935 0.4 0)
(2.270598 0.4 0)
(2.3222025 0.4 0)
(2.373807 0.4 0)
(2.4254115 0.4 0)
(2.477016 0.4 0)
(2.5286205 0.4 0)
(2.580225 0.4 0)
(2.6318295 0.4 0)
(2.683434 0.4 0)
(2.7350385 0.4 0)
(2.786643 0.4 0)
(2.8382475 0.4 0)
(2.889852 0.4 0)
(2.9414565 0.4 0)
(2.993061 0.4 0)
(3.0446655 0.4 0)
(3.09627 0.4 0)
(3.1478745 0.4 0)
(3.199479 0.4 0)
(3.2510835 0.4 0)
(3.302688 0.4 0)
(3.3542925 0.4 0)
(3.405897 0.4 0)
(3.4575015 0.4 0)
(3.509106 0.4 0)
(3.5607105 0.4 0)
(3.612315 0.4 0)
(3.6639195 0.4 0)
(3.715524 0.4 0)
(3.7671285 0.4 0)
(3.818733 0.4 0)
(3.8703375 0.4 0)
(3.921942 0.4 0)
(3.9735465 0.4 0)
(4.025151 0.4 0)
(4.0767555 0.4 0)
(4.12836 0.4 0)
(0 0.45 0)
(0.0516045 0.45 0)
(0.103209 0.45 0)
(0.1548135 0.45 0)
(0.206418 0.45 0)
(0.2580225 0.45 0)
(0.309627 0.45 0)
(0.3612315 0.45 0)
(0.412836 0.45 0)
(0.4644405 0.45 0)
(0.516045 0.45 0)
(0.5676495 0.45 0)
(0.619254 0.45 0)
(0.6708585 0.45 0)
(0.722463 0.45 0)
(0.7740675 0.45 0)
(0.825672 0.45 0)
(0.8772765 0.45 0)
(0.928881 0.45 0)
(0.9804855 0.45 0)
(1.03209 0.45 0)
(1.0836945 0.45 0)
(1.135299 0.45 0)
(1.1869035 0.45 0)
(1.238508 0.45 0)
(1.2901125 0.45 0)
(1.341717 0.45 0)
(1.3933215 0.45 0)
(1.444926 0.45 0)
(1.4965305 0.45 0)
(1.548135 0.45 0)
(1.5997395 0.45 0)
(1.651344 0.45 0)
(1.7029485 0.45 0)
(1.754553 0.45 0)
(1.8061575 0.45 0)
(1.857762 0.45 0)
(1.9093665 0.45 0)
(1.960971 0.45 0)
(2.0125755 0.45 0)
(2.06418 0.45 0)
(2.1157845 0.45 0)
(2.167389 0.45 0)
(2.2189935 0.45 0)
(2.270598 0.45 0)
(2.3222025 0.45 0)
(2.373807 0.45 0)
(2.4254115 0.45 0)
(2.477016 0.45 0)
(2.5286205 0.45 0)
(2.580225 0.45 0)
(2.6318295 0.45 0)
(2.683434 0.45 0)
(2.7350385 0.45 0)
(2.786643 0.45 0)
(2.8382475 0.45 0)
(2.889852 0.45 0)
(2.9414565 0.45 0)
(2.993061 0.45 0)
(3.0446655 0.45 0)
(3.09627 0.45 0)
(3.1478745 0.45 0)
(3.199479 0.45 0)
(3.2510835 0.45 0)
(3.302688 0.45 0)
(3.3542925 0.45 0)
(3.405897 0.45 0)
(3.4575015 0.45 0)
(3.509106 0.45 0)
(3.5607105 0.45 0)
(3.612315 0.45 0)
(3.6639195 0.45 0)
(3.715524 0.45 0)
(3.7671285 0.45 0)
(3.818733 0.45 0)
(3.8703375 0.45 0)
(3.921942 0.45 0)
(3.9735465 0.45 0)
(4.025151 0.45 0)
(4.0767555 0.45 0)
(4.12836 0.45 0)
(0 0.5 0)
(0.0516045 0.5 0)
(0.103209 0.5 0)
(0.1548135 0.5 0)
(0.206418 0.5 0)
(0.2580225 0.5 0)
(0.309627 0.5 0)
(0.3612315 0.5 0)
(0.412836 0.5 0)
(0.4644405 0.5 0)
(0.516045 0.5 0)
(0.5676495 0.5 0)
(0.619254 0.5 0)
(0.6708585 0.5 0)
(0.722463 0.5 0)
(0.7740675 0.5 0)
(0.825672 0.5 0)
(0.8772765 0.5 0)
(0.928881 0.5 0)
(0.9804855 0.5 0)
(1.03209 0.5 0)
(1.0836945 0.5 0)
(1.135299 0.5 0)
(1.1869035 0.5 0)
(1.238508 0.5 0)
(1.2901125 0.5 0)
(1.341717 0.5 0)
(1.3933215 0.5 0)
(1.444926 0.5 0)
(1.4965305 0.5 0)
(1.548135 0.5 0)
(1.5997395 0.5 0)
(1.651344 0.5 0)
(1.7029485 0.5 0)
(1.754553 0.5 0)
(1.8061575 0.5 0)
(1.857762 0.5 0)
(1.9093665 0.5 0)
(1.960971 0.5 0)
(2.0125755 0.5 0)
(2.06418 0.5 0)
(2.1157845 0.5 0)
(2.167389 0.5 0)
(2.2189935 0.5 0)
(2.270598 0.5 0)
(2.3222025 0.5 0)
(2.373807 0.5 0)
(2.4254115 0.5 0)
(2.477016 0.5 0)
(2.5286205 0.5 0)
(2.580225 0.5 0)
(2.6318295 0.5 0)
(2.683434 0.5 0)
(2.7350385 0.5 0)
(2.786643 0.5 0)
(2.8382475 0.5 0)
(2.889852 0.5 0)
(2.9414565 0.5 0)
(2.993061 0.5 0)
(3.0446655 0.5 0)
(3.09627 0.5 0)
(3.1478745 0.5 0)
(3.199479 0.5 0)
(3.2510835 0.5 0)
(3.302688 0.5 0)
(3.3542925 0.5 0)
(3.405897 0.5 0)
(3.4575015 0.5 0)
(3.509106 0.5 0)
(3.5607105 0.5 0)
(3.612315 0.5 0)
(3.6639195 0.5 0)
(3.715524 0.5 0)
(3.7671285 0.5 0)
(3.818733 0.5 0)
(3.8703375 0.5 0)
(3.921942 0.5 0)
(3.9735465 0.5 0)
(4.025151 0.5 0)
(4.0767555 0.5 0)
(4.12836 0.5 0)
(0 0.55 0)
(0.0516045 0.55 0)
(0.103209 0.55 0)
(0.1548135 0.55 0)
(0.206418 0.55 0)
(0.2580225 0.55 0)
(0.309627 0.55 0)
(0.3612315 0.55 0)
(0.412836 0.55 0)
(0.4644405 0.55 0)
(0.516045 0.55 0)
(0.5676495 0.55 0)
(0.619254 0.55 0)
(0.6708585 0.55 0)
(0.722463 0.55 0)
(0.7740675 0.55 0)
(0.825672 0.55 0)
(0.8772765 0.55 0)
(0.928881 0.55 0)
(0.9804855 0.55 0)
(1.03209 0.55 0)
(1.0836945 0.55 0)
(1.135299 0.55 0)
(1.1869035 0.55 0)
(1.238508 0.55 0)
(1.2901125 0.55 0)
(1.341717 0.55 0)
(1.3933215 0.55 0)
(1.444926 0.55 0)
(1.4965305 0.55 0)
(1.548135 0.55 0)
(1.5997395 0.55 0)
(1.651344 0.55 0)
(1.7029485 0.55 0)
(1.754553 0.55 0)
(1.8061575 0.55 0)
(1.857762 0.55 0)
(1.9093665 0.55 0)
(1.960971 0.55 0)
(2.0125755 0.55 0)
(2.06418 0.55 0)
(2.1157845 0.55 0)
(2.167389 0.55 0)
(2.2189935 0.55 0)
(2.270598 0.55 0)
(2.3222025 0.55 0)
(2.373807 0.55 0)
(2.4254115 0.55 0)
(2.477016 0.55 0)
(2.5286205 0.55 0)
(2.580225 0.55 0)
(2.6318295 0.55 0)
(2.683434 0.55 0)
(2.7350385 0.55 0)
(2.786643 0.55 0)
(2.8382475 0.55 0)
(2.889852 0.55 0)
(2.9414565 0.55 0)
(2.993061 0.55 0)
(3.0446655 0.55 0)
(3.09627 0.55 0)
(3.1478745 0.55 0)
(3.199479 0.55 0)
(3.2510835 0.55 0)
(3.302688 0.55 0)
(3.3542925 0.55 0)
(3.405897 0.55 0)
(3.4575015 0.55 0)
(3.509106 0.55 0)
(3.5607105 0.55 0)
(3.612315 0.55 0)
(3.6639195 0.55 0)
(3.715524 0.55 0)
(3.7671285 0.55 0)
(3.818733 0.55 0)
(3.8703375 0.55 0)
(3.921942 0.55 0)
(3.9735465 0.55 0)
(4.025151 0.55 0)
(4.0767555 0.55 0)
(4.12836 0.55 0)
(0 0.6 0)
(0.0516045 0.6 0)
(0.103209 0.6 0)
(0.1548135 0.6 0)
(0.206418 0.6 0)
(0.2580225 0.6 0)
(0.309627 0.6 0)
(0.3612315 0.6 0)
(0.412836 0.6 0)
(0.4644405 0.6 0)
(0.516045 0.6 0)
(0.5676495 0.6 0)
(0.619254 0.6 0)
(0.6708585 0.6 0)
(0.722463 0.6 0)
(0.7740675 0.6 0)
(0.825672 0.6 0)
(0.8772765 0.6 0)
(0.928881 0.6 0)
(0.9804855 0.6 0)
(1.03209 0.6 0)
(1.0836945 0.6 0)
(1.135299 0.6 0)
(1.1869035 0.6 0)
(1.238508 0.6 0)
(1.2901125 0.6 0)
(1.341717 0.6 0)
(1.3933215 0.6 0)
(1.444926 0.6 0)
(1.4965305 0.6 0)
(1.548135 0.6 0)
(1.5997395 0.6 0)
(1.651344 0.6 0)
(1.7029485 0.6 0)
(1.754553 0.6 0)
(1.8061575 0.6 0)
(1.857762 0.6 0)
(1.9093665 0.6 0)
(1.960971 0.6 0)
(2.0125755 0.6 0)
(2.06418 0.6 0)
(2.1157845 0.6 0)
(2.167389 0.6 0)
(2.2189935 0.6 0)
(2.270598 0.6 0)
(2.3222025 0.6 0)
(2.373807 0.6 0)
(2.4254115 0.6 0)
(2.477016 0.6 0)
(2.5286205 0.6 0)
(2.580225 0.6 0)
(2.6318295 0.6 0)
(2.683434 0.6 0)
(2.7350385 0.6 0)
(2.786643 0.6 0)
(2.8382475 0.6 0)
(2.889852 0.6 0)
(2.9414565 0.6 0)
(2.993061 0.6 0)
(3.0446655 0.6 0)
(3.09627 0.6 0)
(3.1478745 0.6 0)
(3.199479 0.6 0)
(3.2510835 0.6 0)
(3.302688 0.6 0)
(3.3542925 0.6 0)
(3.405897 0.6 0)
(3.4575015 0.6 0)
(3.509106 0.6 0)
(3.5607105 0.6 0)
(3.612315 0.6 0)
(3.6639195 0.6 0)
(3.715524 0.6 0)
(3.7671285 0.6 0)
(3.818733 0.6 0)
(3.8703375 0.6 0)
(3.921942 0.6 0)
(3.9735465 0.6 0)
(4.025151 0.6 0)
(4.0767555 0.6 0)
(4.12836 0.6 0)
(0 0.65 0)
(0.0516045 0.65 0)
(0.103209 0.65 0)
(0.1548135 0.65 0)
(0.206418 0.65 0)
(0.2580225 0.65 0)
(0.309627 0.65 0)
(0.3612315 0.65 0)
(0.412836 0.65 0)
(0.4644405 0.65 0)
(0.516045 0.65 0)
(0.5676495 0.65 0)
(0.619254 0.65 0)
(0.6708585 0.65 0)
(0.722463 0.65 0)
(0.7740675 0.65 0)
(0.825672 0.65 0)
(0.8772765 0.65 0)
(0.928881 0.65 0)
(0.9804855 0.65 0)
(1.03209 0.65 0)
(1.0836945 0.65 0)
(1.135299 0.65 0)
(1.1869035 0.65 0)
(1.238508 0.65 0)
(1.2901125 0.65 0)
(1.341717 0.65 0)
(1.3933215 0.65 0)
(1.444926 0.65 0)
(1.4965305 0.65 0)
(1.548135 0.65 0)
(1.5997395 0.65 0)
(1.651344 0.65 0)
(1.7029485 0.65 0)
(1.754553 0.65 0)
(1.8061575 0.65 0)
(1.857762 0.65 0)
(1.9093665 0.65 0)
(1.960971 0.65 0)
(2.0125755 0.65 0)
(2.06418 0.65 0)
(2.1157845 0.65 0)
(2.167389 0.65 0)
(2.2189935 0.65 0)
(2.270598 0.65 0)
(2.3222025 0.65 0)
(2.373807 0.65 0)
(2.4254115 0.65 0)
(2.477016 0.65 0)
(2.5286205 0.65 0)
(2.580225 0.65 0)
(2.6318295 0.65 0)
(2.683434 0.65 0)
(2.7350385 0.65 0)
(2.786643 0.65 0)
(2.8382475 0.65 0)
(2.889852 0.65 0)
(2.9414565 0.65 0)
(2.993061 0.65 0)
(3.0446655 0.65 0)
(3.09627 0.65 0)
(3.1478745 0.65 0)
(3.199479 0.65 0)
(3.2510835 0.65 0)
(3.302688 0.65 0)
(3.3542925 0.65 0)
(3.405897 0.65 0)
(3.4575015 0.65 0)
(3.509106 0.65 0)
(3.5607105 0.65 0)
(3.612315 0.65 0)
(3.6639195 0.65 0)
(3.715524 0.65 0)
(3.7671285 0.65 0)
(3.818733 0.65 0)
(3.8703375 0.65 0)
(3.921942 0.65 0)
(3.9735465 0.65 0)
(4.025151 0.65 0)
(4.0767555 0.65 0)
(4.12836 0.65 0)
(0 0.7 0)
(0.0516045 0.7 0)
(0.103209 0.7 0)
(0.1548135 0.7 0)
(0.206418 0.7 0)
(0.2580225 0.7 0)
(0.309627 0.7 0)
(0.3612315 0.7 0)
(0.412836 0.7 0)
(0.4644405 0.7 0)
(0.516045 0.7 0)
(0.5676495 0.7 0)
(0.619254 0.7 0)
(0.6708585 0.7 0)
(0.722463 0.7 0)
(0.7740675 0.7 0)
(0.825672 0.7 0)
(0.8772765 0.7 0)
(0.928881 0.7 0)
(0.9804855 0.7 0)
(1.03209 0.7 0)
(1.0836945 0.7 0)
(1.135299 0.7 0)
(1.1869035 0.7 0)
(1.238508 0.7 0)
(1.2901125 0.7 0)
(1.341717 0.7 0)
(1.3933215 0.7 0)
(1.444926 0.7 0)
(1.4965305 0.7 0)
(1.548135 0.7 0)
(1.5997395 0.7 0)
(1.651344 0.7 0)
(1.7029485 0.7 0)
(1.754553 0.7 0)
(1.8061575 0.7 0)
(1.857762 0.7 0)
(1.9093665 0.7 0)
(1.960971 0.7 0)
(2.0125755 0.7 0)
(2.06418 0.7 0)
(2.1157845 0.7 0)
(2.167389 0.7 0)
(2.2189935 0.7 0)
(2.270598 0.7 0)
(2.3222025 0.7 0)
(2.373807 0.7 0)
(2.4254115 0.7 0)
(2.477016 0.7 0)
(2.5286205 0.7 0)
(2.580225 0.7 0)
(2.6318295 0.7 0)
(2.683434 0.7 0)
(2.7350385 0.7 0)
(2.786643 0.7 0)
(2.8382475 0.7 0)
(2.889852 0.7 0)
(2.9414565 0.7 0)
(2.993061 0.7 0)
(3.0446655 0.7 0)
(3.09627 0.7 0)
(3.1478745 0.7 0)
(3.199479 0.7 0)
(3.2510835 0.7 0)
(3.302688 0.7 0)
(3.3542925 0.7 0)
(3.405897 0.7 0)
(3.4575015 0.7 0)
(3.509106 0.7 0)
(3.5607105 0.7 0)
(3.612315 0.7 0)
(3.6639195 0.7 0)
(3.715524 0.7 0)
(3.7671285 0.7 0)
(3.818733 0.7 0)
(3.8703375 0.7 0)
(3.921942 0.7 0)
(3.9735465 0.7 0)
(4.025151 0.7 0)
(4.0767555 0.7 0)
(4.12836 0.7 0)
(0 0.75 0)
(0.0516045 0.75 0)
(0.103209 0.75 0)
(0.1548135 0.75 0)
(0.206418 0.75 0)
(0.2580225 0.75 0)
(0.309627 0.75 0)
(0.3612315 0.75 0)
(0.412836 0.75 0)
(0.4644405 0.75 0)
(0.516045 0.75 0)
(0.5676495 0.75 0)
(0.619254 0.75 0)
(0.6708585 0.75 0)
(0.722463 0.75 0)
(0.7740675 0.75 0)
(0.825672 0.75 0)
(0.8772765 0.75 0)
(0.928881 0.75 0)
(0.9804855 0.75 0)
(1.03209 0.75 0)
(1.0836945 0.75 0)
(1.135299 0.75 0)
(1.1869035 0.75 0)
(1.238508 0.75 0)
(1.2901125 0.75 0)
(1.341717 0.75 0)
(1.3933215 0.75 0)
(1.444926 0.75 0)
(1.4965305 0.75 0)
(1.548135 0.75 0)
(1.5997395 0.75 0)
(1.651344 0.75 0)
(1.7029485 0.75 0)
(1.754553 0.75 0)
(1.8061575 0.75 0)
(1.857762 0.75 0)
(1.9093665 0.75 0)
(1.960971 0.75 0)
(2.0125755 0.75 0)
(2.06418 0.75 0)
(2.1157845 0.75 0)
(2.167389 0.75 0)
(2.2189935 0.75 0)
(2.270598 0.75 0)
(2.3222025 0.75 0)
(2.373807 0.75 0)
(2.4254115 0.75 0)
(2.477016 0.75 0)
(2.5286205 0.75 0)
(2.580225 0.75 0)
(2.6318295 0.75 0)
(2.683434 0.75 0)
(2.7350385 0.75 0)
(2.786643 0.75 0)
(2.8382475 0.75 0)
(2.889852 0.75 0)
(2.9414565 0.75 0)
(2.993061 0.75 0)
(3.0446655 0.75 0)
(3.09627 0.75 0)
(3.1478745 0.75 0)
(3.199479 0.75 0)
(3.2510835 0.75 0)
(3.302688 0.75 0)
(3.3542925 0.75 0)
(3.405897 0.75 0)
(3.4575015 0.75 0)
(3.509106 0.75 0)
(3.5607105 0.75 0)
(3.612315 0.75 0)
(3.6639195 0.75 0)
(3.715524 0.75 0)
(3.7671285 0.75 0)
(3.818733 0.75 0)
(3.8703375 0.75 0)
(3.921942 0.75 0)
(3.9735465 0.75 0)
(4.025151 0.75 0)
(4.0767555 0.75 0)
(4.12836 0.75 0)
(0 0.8 0)
(0.0516045 0.8 0)
(0.103209 0.8 0)
(0.1548135 0.8 0)
(0.206418 0.8 0)
(0.2580225 0.8 0)
(0.309627 0.8 0)
(0.3612315 0.8 0)
(0.412836 0.8 0)
(0.4644405 0.8 0)
(0.516045 0.8 0)
(0.5676495 0.8 0)
(0.619254 0.8 0)
(0.6708585 0.8 0)
(0.722463 0.8 0)
(0.7740675 0.8 0)
(0.825672 0.8 0)
(0.8772765 0.8 0)
(0.928881 0.8 0)
(0.9804855 0.8 0)
(1.03209 0.8 0)
(1.0836945 0.8 0)
(1.135299 0.8 0)
(1.1869035 0.8 0)
(1.238508 0.8 0)
(1.2901125 0.8 0)
(1.341717 0.8 0)
(1.3933215 0.8 0)
(1.444926 0.8 0)
(1.4965305 0.8 0)
(1.548135 0.8 0)
(1.5997395 0.8 0)
(1.651344 0.8 0)
(1.7029485 0.8 0)
(1.754553 0.8 0)
(1.8061575 0.8 0)
(1.857762 0.8 0)
(1.9093665 0.8 0)
(1.960971 0.8 0)
(2.0125755 0.8 0)
(2.06418 0.8 0)
(2.1157845 0.8 0)
(2.167389 0.8 0)
(2.2189935 0.8 0)
(2.270598 0.8 0)
(2.3222025 0.8 0)
(2.373807 0.8 0)
(2.4254115 0.8 0)
(2.477016 0.8 0)
(2.5286205 0.8 0)
(2.580225 0.8 0)
(2.6318295 0.8 0)
(2.683434 0.8 0)
(2.7350385 0.8 0)
(2.786643 0.8 0)
(2.8382475 0.8 0)
(2.889852 0.8 0)
(2.9414565 0.8 0)
(2.993061 0.8 0)
(3.0446655 0.8 0)
(3.09627 0.8 0)
(3.1478745 0.8 0)
(3.199479 0.8 0)
(3.2510835 0.8 0)
(3.302688 0.8 0)
(3.3542925 0.8 0)
(3.405897 0.8 0)
(3.4575015 0.8 0)
(3.509106 0.8 0)
(3.5607105 0.8 0)
(3.612315 0.8 0)
(3.6639195 0.8 0)
(3.715524 0.8 0)
(3.7671285 0.8 0)
(3.818733 0.8 0)
(3.8703375 0.8 0)
(3.921942 0.8 0)
(3.9735465 0.8 0)
(4.025151 0.8 0)
(4.0767555 0.8 0)
(4.12836 0.8 0)
(0 0.85 0)
(0.0516045 0.85 0)
(0.103209 0.85 0)
(0.1548135 0.85 0)
(0.206418 0.85 0)
(0.2580225 0.85 0)
(0.309627 0.85 0)
(0.3612315 0.85 0)
(0.412836 0.85 0)
(0.4644405 0.85 0)
(0.516045 0.85 0)
(0.5676495 0.85 0)
(0.619254 0.85 0)
(0.6708585 0.85 0)
(0.722463 0.85 0)
(0.7740675 0.85 0)
(0.825672 0.85 0)
(0.8772765 0.85 0)
(0.928881 0.85 0)
(0.9804855 0.85 0)
(1.03209 0.85 0)
(1.0836945 0.85 0)
(1.135299 0.85 0)
(1.1869035 0.85 0)
(1.238508 0.85 0)
(1.2901125 0.85 0)
(1.341717 0.85 0)
(1.3933215 0.85 0)
(1.444926 0.85 0)
(1.4965305 0.85 0)
(1.548135 0.85 0)
(1.5997395 0.85 0)
(1.651344 0.85 0)
(1.7029485 0.85 0)
(1.754553 0.85 0)
(1.8061575 0.85 0)
(1.857762 0.85 0)
(1.9093665 0.85 0)
(1.960971 0.85 0)
(2.0125755 0.85 0)
(2.06418 0.85 0)
(2.1157845 0.85 0)
(2.167389 0.85 0)
(2.2189935 0.85 0)
(2.270598 0.85 0)
(2.3222025 0.85 0)
(2.373807 0.85 0)
(2.4254115 0.85 0)
(2.477016 0.85 0)
(2.5286205 0.85 0)
(2.580225 0.85 0)
(2.6318295 0.85 0)
(2.683434 0.85 0)
(2.7350385 0.85 0)
(2.786643 0.85 0)
(2.8382475 0.85 0)
(2.889852 0.85 0)
(2.9414565 0.85 0)
(2.993061 0.85 0)
(3.0446655 0.85 0)
(3.09627 0.85 0)
(3.1478745 0.85 0)
(3.199479 0.85 0)
(3.2510835 0.85 0)
(3.302688 0.85 0)
(3.3542925 0.85 0)
(3.405897 0.85 0)
(3.4575015 0.85 0)
(3.509106 0.85 0)
(3.5607105 0.85 0)
(3.612315 0.85 0)
(3.6639195 0.85 0)
(3.715524 0.85 0)
(3.7671285 0.85 0)
(3.818733 0.85 0)
(3.8703375 0.85 0)
(3.921942 0.85 0)
(3.9735465 0.85 0)
(4.025151 0.85 0)
(4.0767555 0.85 0)
(4.12836 0.85 0)
(0 0.9 0)
(0.0516045 0.9 0)
(0.103209 0.9 0)
(0.1548135 0.9 0)
(0.206418 0.9 0)
(0.2580225 0.9 0)
(0.309627 0.9 0)
(0.3612315 0.9 0)
(0.412836 0.9 0)
(0.4644405 0.9 0)
(0.516045 0.9 0)
(0.5676495 0.9 0)
(0.619254 0.9 0)
(0.6708585 0.9 0)
(0.722463 0.9 0)
(0.7740675 0.9 0)
(0.825672 0.9 0)
(0.8772765 0.9 0)
(0.928881 0.9 0)
(0.9804855 0.9 0)
(1.03209 0.9 0)
(1.0836945 0.9 0)
(1.135299 0.9 0)
(1.1869035 0.9 0)
(1.238508 0.9 0)
(1.2901125 0.9 0)
(1.341717 0.9 0)
(1.3933215 0.9 0)
(1.444926 0.9 0)
(1.4965305 0.9 0)
(1.548135 0.9 0)
(1.5997395 0.9 0)
(1.651344 0.9 0)
(1.7029485 0.9 0)
(1.754553 0.9 0)
(1.8061575 0.9 0)
(1.857762 0.9 0)
(1.9093665 0.9 0)
(1.960971 0.9 0)
(2.0125755 0.9 0)
(2.06418 0.9 0)
(2.1157845 0.9 0)
(2.167389 0.9 0)
(2.2189935 0.9 0)
(2.270598 0.9 0)
(2.3222025 0.9 0)
(2.373807 0.9 0)
(2.4254115 0.9 0)
(2.477016 0.9 0)
(2.5286205 0.9 0)
(2.580225 0.9 0)
(2.6318295 0.9 0)
(2.683434 0.9 0)
(2.7350385 0.9 0)
(2.786643 0.9 0)
(2.8382475 0.9 0)
(2.889852 0.9 0)
(2.9414565 0.9 0)
(2.993061 0.9 0)
(3.0446655 0.9 0)
(3.09627 0.9 0)
(3.1478745 0.9 0)
(3.199479 0.9 0)
(3.2510835 0.9 0)
(3.302688 0.9 0)
(3.3542925 0.9 0)
(3.405897 0.9 0)
(3.4575015 0.9 0)
(3.509106 0.9 0)
(3.5607105 0.9 0)
(3.612315 0.9 0)
(3.6639195 0.9 0)
(3.715524 0.9 0)
(3.7671285 0.9 0)
(3.818733 0.9 0)
(3.8703375 0.9 0)
(3.921942 0.9 0)
(3.9735465 0.9 0)
(4.025151 0.9 0)
(4.0767555 0.9 0)
(4.12836 0.9 0)
(0 0.95 0)
(0.0516045 0.95 0)
(0.103209 0.95 0)
(0.1548135 0.95 0)
(0.206418 0.95 0)
(0.2580225 0.95 0)
(0.309627 0.95 0)
(0.3612315 0.95 0)
(0.412836 0.95 0)
(0.4644405 0.95 0)
(0.516045 0.95 0)
(0.5676495 0.95 0)
(0.619254 0.95 0)
(0.6708585 0.95 0)
(0.722463 0.95 0)
(0.7740675 0.95 0)
(0.825672 0.95 0)
(0.8772765 0.95 0)
(0.928881 0.95 0)
(0.9804855 0.95 0)
(1.03209 0.95 0)
(1.0836945 0.95 0)
(1.135299 0.95 0)
(1.1869035 0.95 0)
(1.238508 0.95 0)
(1.2901125 0.95 0)
(1.341717 0.95 0)
(1.3933215 0.95 0)
(1.444926 0.95 0)
(1.4965305 0.95 0)
(1.548135 0.95 0)
(1.5997395 0.95 0)
(1.651344 0.95 0)
(1.7029485 0.95 0)
(1.754553 0.95 0)
(1.8061575 0.95 0)
(1.857762 0.95 0)
(1.9093665 0.95 0)
(1.960971 0.95 0)
(2.0125755 0.95 0)
(2.06418 0.95 0)
(2.1157845 0.95 0)
(2.167389 0.95 0)
(2.2189935 0.95 0)
(2.270598 0.95 0)
(2.3222025 0.95 0)
(2.373807 0.95 0)
(2.4254115 0.95 0)
(2.477016 0.95 0)
(2.5286205 0.95 0)
(2.580225 0.95 0)
(2.6318295 0.95 0)
(2.683434 0.95 0)
(2.7350385 0.95 0)
(2.786643 0.95 0)
(2.8382475 0.95 0)
(2.889852 0.95 0)
(2.9414565 0.95 0)
(2.993061 0.95 0)
(3.0446655 0.95 0)
(3.09627 0.95 0)
(3.1478745 0.95 0)
(3.199479 0.95 0)
(3.2510835 0.95 0)
(3.302688 0.95 0)
(3.3542925 0.95 0)
(3.405897 0.95 0)
(3.4575015 0.95 0)
(3.509106 0.95 0)
(3.5607105 0.95 0)
(3.612315 0.95 0)
(3.6639195 0.95 0)
(3.715524 0.95 0)
(3.7671285 0.95 0)
(3.818733 0.95 0)
(3.8703375 0.95 0)
(3.921942 0.95 0)
(3.9735465 0.95 0)
(4.025151 0.95 0)
(4.0767555 0.95 0)
(4.12836 0.95 0)
(0 1 0)
(0.0516045 1 0)
(0.103209 1 0)
(0.1548135 1 0)
(0.206418 1 0)
(0.2580225 1 0)
(0.309627 1 0)
(0.3612315 1 0)
(0.412836 1 0)
(0.4644405 1 0)
(0.516045 1 0)
(0.5676495 1 0)
(0.619254 1 0)
(0.6708585 1 0)
(0.722463 1 0)
(0.7740675 1 0)
(0.825672 1 0)
(0.8772765 1 0)
(0.928881 1 0)
(0.9804855 1 0)
(1.03209 1 0)
(1.0836945 1 0)
(1.135299 1 0)
(1.1869035 1 0)
(1.238508 1 0)
(1.2901125 1 0)
(1.341717 1 0)
(1.3933215 1 0)
(1.444926 1 0)
(1.4965305 1 0)
(1.548135 1 0)
(1.5997395 1 0)
(1.651344 1 0)
(1.7029485 1 0)
(1.754553 1 0)
(1.8061575 1 0)
(1.857762 1 0)
(1.9093665 1 0)
(1.960971 1 0)
(2.0125755 1 0)
(2.06418 1 0)
(2.1157845 1 0)
(2.167389 1 0)
(2.2189935 1 0)
(2.270598 1 0)
(2.3222025 1 0)
(2.373807 1 0)
(2.4254115 1 0)
(2.477016 1 0)
(2.5286205 1 0)
(2.580225 1 0)
(2.6318295 1 0)
(2.683434 1 0)
(2.7350385 1 0)
(2.786643 1 0)
(2.8382475 1 0)
(2.889852 1 0)
(2.9414565 1 0)
(2.993061 1 0)
(3.0446655 1 0)
(3.09627 1 0)
(3.1478745 1 0)
(3.199479 1 0)
(3.2510835 1 0)
(3.302688 1 0)
(3.3542925 1 0)
(3.405897 1 0)
(3.4575015 1 0)
(3.509106 1 0)
(3.5607105 1 0)
(3.612315 1 0)
(3.6639195 1 0)
(3.715524 1 0)
(3.7671285 1 0)
(3.818733 1 0)
(3.8703375 1 0)
(3.921942 1 0)
(3.9735465 1 0)
(4.025151 1 0)
(4.0767555 1 0)
(4.12836 1 0)
(0 0 0.1)
(0.0516045 0 0.1)
(0.103209 0 0.1)
(0.1548135 0 0.1)
(0.206418 0 0.1)
(0.2580225 0 0.1)
(0.309627 0 0.1)
(0.3612315 0 0.1)
(0.412836 0 0.1)
(0.4644405 0 0.1)
(0.516045 0 0.1)
(0.5676495 0 0.1)
(0.619254 0 0.1)
(0.6708585 0 0.1)
(0.722463 0 0.1)
(0.7740675 0 0.1)
(0.825672 0 0.1)
(0.8772765 0 0.1)
(0.928881 0 0.1)
(0.9804855 0 0.1)
(1.03209 0 0.1)
(1.0836945 0 0.1)
(1.135299 0 0.1)
(1.1869035 0 0.1)
(1.238508 0 0.1)
(1.2901125 0 0.1)
(1.341717 0 0.1)
(1.3933215 0 0.1)
(1.444926 0 0.1)
(1.4965305 0 0.1)
(1.548135 0 0.1)
(1.5997395 0 0.1)
(1.651344 0 0.1)
(1.7029485 0 0.1)
(1.754553 0 0.1)
(1.8061575 0 0.1)
(1.857762 0 0.1)
(1.9093665 0 0.1)
(1.960971 0 0.1)
(2.0125755 0 0.1)
(2.06418 0 0.1)
(2.1157845 0 0.1)
(2.167389 0 0.1)
(2.2189935 0 0.1)
(2.270598 0 0.1)
(2.3222025 0 0.1)
(2.373807 0 0.1)
(2.4254115 0 0.1)
(2.477016 0 0.1)
(2.5286205 0 0.1)
(2.580225 0 0.1)
(2.6318295 0 0.1)
(2.683434 0 0.1)
(2.7350385 0 0.1)
(2.786643 0 0.1)
(2.8382475 0 0.1)
(2.889852 0 0.1)
(2.9414565 0 0.1)
(2.993061 0 0.1)
(3.0446655 0 0.1)
(3.09627 0 0.1)
(3.1478745 0 0.1)
(3.199479 0 0.1)
(3.2510835 0 0.1)
(3.302688 0 0.1)
(3.3542925 0 0.1)
(3.405897 0 0.1)
(3.4575015 0 0.1)
(3.509106 0 0.1)
(3.5607105 0 0.1)
(3.612315 0 0.1)
(3.6639195 0 0.1)
(3.715524 0 0.1)
(3.7671285 0 0.1)
(3.818733 0 0.1)
(3.8703375 0 0.1)
(3.921942 0 0.1)
(3.9735465 0 0.1)
(4.025151 0 0.1)
(4.0767555 0 0.1)
(4.12836 0 0.1)
(0 0.05 0.1)
(0.0516045 0.05 0.1)
(0.103209 0.05 0.1)
(0.1548135 0.05 0.1)
(0.206418 0.05 0.1)
(0.2580225 0.05 0.1)
(0.309627 0.05 0.1)
(0.3612315 0.05 0.1)
(0.412836 0.05 0.1)
(0.4644405 0.05 0.1)
(0.516045 0.05 0.1)
(0.5676495 0.05 0.1)
(0.619254 0.05 0.1)
(0.6708585 0.05 0.1)
(0.722463 0.05 0.1)
(0.7740675 0.05 0.1)
(0.825672 0.05 0.1)
(0.8772765 0.05 0.1)
(0.928881 0.05 0.1)
(0.9804855 0.05 0.1)
(1.03209 0.05 0.1)
(1.0836945 0.05 0.1)
(1.135299 0.05 0.1)
(1.1869035 0.05 0.1)
(1.238508 0.05 0.1)
(1.2901125 0.05 0.1)
(1.341717 0.05 0.1)
(1.3933215 0.05 0.1)
(1.444926 0.05 0.1)
(1.4965305 0.05 0.1)
(1.548135 0.05 0.1)
(1.5997395 0.05 0.1)
(1.651344 0.05 0.1)
(1.7029485 0.05 0.1)
(1.754553 0.05 0.1)
(1.8061575 0.05 0.1)
(1.857762 0.05 0.1)
(1.9093665 0.05 0.1)
(1.960971 0.05 0.1)
(2.0125755 0.05 0.1)
(2.06418 0.05 0.1)
(2.1157845 0.05 0.1)
(2.167389 0.05 0.1)
(2.2189935 0.05 0.1)
(2.270598 0.05 0.1)
(2.3222025 0.05 0.1)
(2.373807 0.05 0.1)
(2.4254115 0.05 0.1)
(2.477016 0.05 0.1)
(2.5286205 0.05 0.1)
(2.580225 0.05 0.1)
(2.6318295 0.05 0.1)
(2.683434 0.05 0.1)
(2.7350385 0.05 0.1)
(2.786643 0.05 0.1)
(2.8382475 0.05 0.1)
(2.889852 0.05 0.1)
(2.9414565 0.05 0.1)
(2.993061 0.05 0.1)
(3.0446655 0.05 0.1)
(3.09627 0.05 0.1)
(3.1478745 0.05 0.1)
(3.199479 0.05 0.1)
(3.2510835 0.05 0.1)
(3.302688 0.05 0.1)
(3.3542925 0.05 0.1)
(3.405897 0.05 0.1)
(3.4575015 0.05 0.1)
(3.509106 0.05 0.1)
(3.5607105 0.05 0.1)
(3.612315 0.05 0.1)
(3.6639195 0.05 0.1)
(3.715524 0.05 0.1)
(3.7671285 0.05 0.1)
(3.818733 0.05 0.1)
(3.8703375 0.05 0.1)
(3.921942 0.05 0.1)
(3.9735465 0.05 0.1)
(4.025151 0.05 0.1)
(4.0767555 0.05 0.1)
(4.12836 0.05 0.1)
(0 0.1 0.1)
(0.0516045 0.1 0.1)
(0.103209 0.1 0.1)
(0.1548135 0.1 0.1)
(0.206418 0.1 0.1)
(0.2580225 0.1 0.1)
(0.309627 0.1 0.1)
(0.3612315 0.1 0.1)
(0.412836 0.1 0.1)
(0.4644405 0.1 0.1)
(0.516045 0.1 0.1)
(0.5676495 0.1 0.1)
(0.619254 0.1 0.1)
(0.6708585 0.1 0.1)
(0.722463 0.1 0.1)
(0.7740675 0.1 0.1)
(0.825672 0.1 0.1)
(0.8772765 0.1 0.1)
(0.928881 0.1 0.1)
(0.9804855 0.1 0.1)
(1.03209 0.1 0.1)
(1.0836945 0.1 0.1)
(1.135299 0.1 0.1)
(1.1869035 0.1 0.1)
(1.238508 0.1 0.1)
(1.2901125 0.1 0.1)
(1.341717 0.1 0.1)
(1.3933215 0.1 0.1)
(1.444926 0.1 0.1)
(1.4965305 0.1 0.1)
(1.548135 0.1 0.1)
(1.5997395 0.1 0.1)
(1.651344 0.1 0.1)
(1.7029485 0.1 0.1)
(1.754553 0.1 0.1)
(1.8061575 0.1 0.1)
(1.857762 0.1 0.1)
(1.9093665 0.1 0.1)
(1.960971 0.1 0.1)
(2.0125755 0.1 0.1)
(2.06418 0.1 0.1)
(2.1157845 0.1 0.1)
(2.167389 0.1 0.1)
(2.2189935 0.1 0.1)
(2.270598 0.1 0.1)
(2.3222025 0.1 0.1)
(2.373807 0.1 0.1)
(2.4254115 0.1 0.1)
(2.477016 0.1 0.1)
(2.5286205 0.1 0.1)
(2.580225 0.1 0.1)
(2.6318295 0.1 0.1)
(2.683434 0.1 0.1)
(2.7350385 0.1 0.1)
(2.786643 0.1 0.1)
(2.8382475 0.1 0.1)
(2.889852 0.1 0.1)
(2.9414565 0.1 0.1)
(2.993061 0.1 0.1)
(3.0446655 0.1 0.1)
(3.09627 0.1 0.1)
(3.1478745 0.1 0.1)
(3.199479 0.1 0.1)
(3.2510835 0.1 0.1)
(3.302688 0.1 0.1)
(3.3542925 0.1 0.1)
(3.405897 0.1 0.1)
(3.4575015 0.1 0.1)
(3.509106 0.1 0.1)
(3.5607105 0.1 0.1)
(3.612315 0.1 0.1)
(3.6639195 0.1 0.1)
(3.715524 0.1 0.1)
(3.7671285 0.1 0.1)
(3.818733 0.1 0.1)
(3.8703375 0.1 0.1)
(3.921942 0.1 0.1)
(3.9735465 0.1 0.1)
(4.025151 0.1 0.1)
(4.0767555 0.1 0.1)
(4.12836 0.1 0.1)
(0 0.15 0.1)
(0.0516045 0.15 0.1)
(0.103209 0.15 0.1)
(0.1548135 0.15 0.1)
(0.206418 0.15 0.1)
(0.2580225 0.15 0.1)
(0.309627 0.15 0.1)
(0.3612315 0.15 0.1)
(0.412836 0.15 0.1)
(0.4644405 0.15 0.1)
(0.516045 0.15 0.1)
(0.5676495 0.15 0.1)
(0.619254 0.15 0.1)
(0.6708585 0.15 0.1)
(0.722463 0.15 0.1)
(0.7740675 0.15 0.1)
(0.825672 0.15 0.1)
(0.8772765 0.15 0.1)
(0.928881 0.15 0.1)
(0.9804855 0.15 0.1)
(1.03209 0.15 0.1)
(1.0836945 0.15 0.1)
(1.135299 0.15 0.1)
(1.1869035 0.15 0.1)
(1.238508 0.15 0.1)
(1.2901125 0.15 0.1)
(1.341717 0.15 0.1)
(1.3933215 0.15 0.1)
(1.444926 0.15 0.1)
(1.4965305 0.15 0.1)
(1.548135 0.15 0.1)
(1.5997395 0.15 0.1)
(1.651344 0.15 0.1)
(1.7029485 0.15 0.1)
(1.754553 0.15 0.1)
(1.8061575 0.15 0.1)
(1.857762 0.15 0.1)
(1.9093665 0.15 0.1)
(1.960971 0.15 0.1)
(2.0125755 0.15 0.1)
(2.06418 0.15 0.1)
(2.1157845 0.15 0.1)
(2.167389 0.15 0.1)
(2.2189935 0.15 0.1)
(2.270598 0.15 0.1)
(2.3222025 0.15 0.1)
(2.373807 0.15 0.1)
(2.4254115 0.15 0.1)
(2.477016 0.15 0.1)
(2.5286205 0.15 0.1)
(2.580225 0.15 0.1)
(2.6318295 0.15 0.1)
(2.683434 0.15 0.1)
(2.7350385 0.15 0.1)
(2.786643 0.15 0.1)
(2.8382475 0.15 0.1)
(2.889852 0.15 0.1)
(2.9414565 0.15 0.1)
(2.993061 0.15 0.1)
(3.0446655 0.15 0.1)
(3.09627 0.15 0.1)
(3.1478745 0.15 0.1)
(3.199479 0.15 0.1)
(3.2510835 0.15 0.1)
(3.302688 0.15 0.1)
(3.3542925 0.15 0.1)
(3.405897 0.15 0.1)
(3.4575015 0.15 0.1)
(3.509106 0.15 0.1)
(3.5607105 0.15 0.1)
(3.612315 0.15 0.1)
(3.6639195 0.15 0.1)
(3.715524 0.15 0.1)
(3.7671285 0.15 0.1)
(3.818733 0.15 0.1)
(3.8703375 0.15 0.1)
(3.921942 0.15 0.1)
(3.9735465 0.15 0.1)
(4.025151 0.15 0.1)
(4.0767555 0.15 0.1)
(4.12836 0.15 0.1)
(0 0.2 0.1)
(0.0516045 0.2 0.1)
(0.103209 0.2 0.1)
(0.1548135 0.2 0.1)
(0.206418 0.2 0.1)
(0.2580225 0.2 0.1)
(0.309627 0.2 0.1)
(0.3612315 0.2 0.1)
(0.412836 0.2 0.1)
(0.4644405 0.2 0.1)
(0.516045 0.2 0.1)
(0.5676495 0.2 0.1)
(0.619254 0.2 0.1)
(0.6708585 0.2 0.1)
(0.722463 0.2 0.1)
(0.7740675 0.2 0.1)
(0.825672 0.2 0.1)
(0.8772765 0.2 0.1)
(0.928881 0.2 0.1)
(0.9804855 0.2 0.1)
(1.03209 0.2 0.1)
(1.0836945 0.2 0.1)
(1.135299 0.2 0.1)
(1.1869035 0.2 0.1)
(1.238508 0.2 0.1)
(1.2901125 0.2 0.1)
(1.341717 0.2 0.1)
(1.3933215 0.2 0.1)
(1.444926 0.2 0.1)
(1.4965305 0.2 0.1)
(1.548135 0.2 0.1)
(1.5997395 0.2 0.1)
(1.651344 0.2 0.1)
(1.7029485 0.2 0.1)
(1.754553 0.2 0.1)
(1.8061575 0.2 0.1)
(1.857762 0.2 0.1)
(1.9093665 0.2 0.1)
(1.960971 0.2 0.1)
(2.0125755 0.2 0.1)
(2.06418 0.2 0.1)
(2.1157845 0.2 0.1)
(2.167389 0.2 0.1)
(2.2189935 0.2 0.1)
(2.270598 0.2 0.1)
(2.3222025 0.2 0.1)
(2.373807 0.2 0.1)
(2.4254115 0.2 0.1)
(2.477016 0.2 0.1)
(2.5286205 0.2 0.1)
(2.580225 0.2 0.1)
(2.6318295 0.2 0.1)
(2.683434 0.2 0.1)
(2.7350385 0.2 0.1)
(2.786643 0.2 0.1)
(2.8382475 0.2 0.1)
(2.889852 0.2 0.1)
(2.9414565 0.2 0.1)
(2.993061 0.2 0.1)
(3.0446655 0.2 0.1)
(3.09627 0.2 0.1)
(3.1478745 0.2 0.1)
(3.199479 0.2 0.1)
(3.2510835 0.2 0.1)
(3.302688 0.2 0.1)
(3.3542925 0.2 0.1)
(3.405897 0.2 0.1)
(3.4575015 0.2 0.1)
(3.509106 0.2 0.1)
(3.5607105 0.2 0.1)
(3.612315 0.2 0.1)
(3.6639195 0.2 0.1)
(3.715524 0.2 0.1)
(3.7671285 0.2 0.1)
(3.818733 0.2 0.1)
(3.8703375 0.2 0.1)
(3.921942 0.2 0.1)
(3.9735465 0.2 0.1)
(4.025151 0.2 0.1)
(4.0767555 0.2 0.1)
(4.12836 0.2 0.1)
(0 0.25 0.1)
(0.0516045 0.25 0.1)
(0.103209 0.25 0.1)
(0.1548135 0.25 0.1)
(0.206418 0.25 0.1)
(0.2580225 0.25 0.1)
(0.309627 0.25 0.1)
(0.3612315 0.25 0.1)
(0.412836 0.25 0.1)
(0.4644405 0.25 0.1)
(0.516045 0.25 0.1)
(0.5676495 0.25 0.1)
(0.619254 0.25 0.1)
(0.6708585 0.25 0.1)
(0.722463 0.25 0.1)
(0.7740675 0.25 0.1)
(0.825672 0.25 0.1)
(0.8772765 0.25 0.1)
(0.928881 0.25 0.1)
(0.9804855 0.25 0.1)
(1.03209 0.25 0.1)
(1.0836945 0.25 0.1)
(1.135299 0.25 0.1)
(1.1869035 0.25 0.1)
(1.238508 0.25 0.1)
(1.2901125 0.25 0.1)
(1.341717 0.25 0.1)
(1.3933215 0.25 0.1)
(1.444926 0.25 0.1)
(1.4965305 0.25 0.1)
(1.548135 0.25 0.1)
(1.5997395 0.25 0.1)
(1.651344 0.25 0.1)
(1.7029485 0.25 0.1)
(1.754553 0.25 0.1)
(1.8061575 0.25 0.1)
(1.857762 0.25 0.1)
(1.9093665 0.25 0.1)
(1.960971 0.25 0.1)
(2.0125755 0.25 0.1)
(2.06418 0.25 0.1)
(2.1157845 0.25 0.1)
(2.167389 0.25 0.1)
(2.2189935 0.25 0.1)
(2.270598 0.25 0.1)
(2.3222025 0.25 0.1)
(2.373807 0.25 0.1)
(2.4254115 0.25 0.1)
(2.477016 0.25 0.1)
(2.5286205 0.25 0.1)
(2.580225 0.25 0.1)
(2.6318295 0.25 0.1)
(2.683434 0.25 0.1)
(2.7350385 0.25 0.1)
(2.786643 0.25 0.1)
(2.8382475 0.25 0.1)
(2.889852 0.25 0.1)
(2.9414565 0.25 0.1)
(2.993061 0.25 0.1)
(3.0446655 0.25 0.1)
(3.09627 0.25 0.1)
(3.1478745 0.25 0.1)
(3.199479 0.25 0.1)
(3.2510835 0.25 0.1)
(3.302688 0.25 0.1)
(3.3542925 0.25 0.1)
(3.405897 0.25 0.1)
(3.4575015 0.25 0.1)
(3.509106 0.25 0.1)
(3.5607105 0.25 0.1)
(3.612315 0.25 0.1)
(3.6639195 0.25 0.1)
(3.715524 0.25 0.1)
(3.7671285 0.25 0.1)
(3.818733 0.25 0.1)
(3.8703375 0.25 0.1)
(3.921942 0.25 0.1)
(3.9735465 0.25 0.1)
(4.025151 0.25 0.1)
(4.0767555 0.25 0.1)
(4.12836 0.25 0.1)
(0 0.3 0.1)
(0.0516045 0.3 0.1)
(0.103209 0.3 0.1)
(0.1548135 0.3 0.1)
(0.206418 0.3 0.1)
(0.2580225 0.3 0.1)
(0.309627 0.3 0.1)
(0.3612315 0.3 0.1)
(0.412836 0.3 0.1)
(0.4644405 0.3 0.1)
(0.516045 0.3 0.1)
(0.5676495 0.3 0.1)
(0.619254 0.3 0.1)
(0.6708585 0.3 0.1)
(0.722463 0.3 0.1)
(0.7740675 0.3 0.1)
(0.825672 0.3 0.1)
(0.8772765 0.3 0.1)
(0.928881 0.3 0.1)
(0.9804855 0.3 0.1)
(1.03209 0.3 0.1)
(1.0836945 0.3 0.1)
(1.135299 0.3 0.1)
(1.1869035 0.3 0.1)
(1.238508 0.3 0.1)
(1.2901125 0.3 0.1)
(1.341717 0.3 0.1)
(1.3933215 0.3 0.1)
(1.444926 0.3 0.1)
(1.4965305 0.3 0.1)
(1.548135 0.3 0.1)
(1.5997395 0.3 0.1)
(1.651344 0.3 0.1)
(1.7029485 0.3 0.1)
(1.754553 0.3 0.1)
(1.8061575 0.3 0.1)
(1.857762 0.3 0.1)
(1.9093665 0.3 0.1)
(1.960971 0.3 0.1)
(2.0125755 0.3 0.1)
(2.06418 0.3 0.1)
(2.1157845 0.3 0.1)
(2.167389 0.3 0.1)
(2.2189935 0.3 0.1)
(2.270598 0.3 0.1)
(2.3222025 0.3 0.1)
(2.373807 0.3 0.1)
(2.4254115 0.3 0.1)
(2.477016 0.3 0.1)
(2.5286205 0.3 0.1)
(2.580225 0.3 0.1)
(2.6318295 0.3 0.1)
(2.683434 0.3 0.1)
(2.7350385 0.3 0.1)
(2.786643 0.3 0.1)
(2.8382475 0.3 0.1)
(2.889852 0.3 0.1)
(2.9414565 0.3 0.1)
(2.993061 0.3 0.1)
(3.0446655 0.3 0.1)
(3.09627 0.3 0.1)
(3.1478745 0.3 0.1)
(3.199479 0.3 0.1)
(3.2510835 0.3 0.1)
(3.302688 0.3 0.1)
(3.3542925 0.3 0.1)
(3.405897 0.3 0.1)
(3.4575015 0.3 0.1)
(3.509106 0.3 0.1)
(3.5607105 0.3 0.1)
(3.612315 0.3 0.1)
(3.6639195 0.3 0.1)
(3.715524 0.3 0.1)
(3.7671285 0.3 0.1)
(3.818733 0.3 0.1)
(3.8703375 0.3 0.1)
(3.921942 0.3 0.1)
(3.9735465 0.3 0.1)
(4.025151 0.3 0.1)
(4.0767555 0.3 0.1)
(4.12836 0.3 0.1)
(0 0.35 0.1)
(0.0516045 0.35 0.1)
(0.103209 0.35 0.1)
(0.1548135 0.35 0.1)
(0.206418 0.35 0.1)
(0.2580225 0.35 0.1)
(0.309627 0.35 0.1)
(0.3612315 0.35 0.1)
(0.412836 0.35 0.1)
(0.4644405 0.35 0.1)
(0.516045 0.35 0.1)
(0.5676495 0.35 0.1)
(0.619254 0.35 0.1)
(0.6708585 0.35 0.1)
(0.722463 0.35 0.1)
(0.7740675 0.35 0.1)
(0.825672 0.35 0.1)
(0.8772765 0.35 0.1)
(0.928881 0.35 0.1)
(0.9804855 0.35 0.1)
(1.03209 0.35 0.1)
(1.0836945 0.35 0.1)
(1.135299 0.35 0.1)
(1.1869035 0.35 0.1)
(1.238508 0.35 0.1)
(1.2901125 0.35 0.1)
(1.341717 0.35 0.1)
(1.3933215 0.35 0.1)
(1.444926 0.35 0.1)
(1.4965305 0.35 0.1)
(1.548135 0.35 0.1)
(1.5997395 0.35 0.1)
(1.651344 0.35 0.1)
(1.7029485 0.35 0.1)
(1.754553 0.35 0.1)
(1.8061575 0.35 0.1)
(1.857762 0.35 0.1)
(1.9093665 0.35 0.1)
(1.960971 0.35 0.1)
(2.0125755 0.35 0.1)
(2.06418 0.35 0.1)
(2.1157845 0.35 0.1)
(2.167389 0.35 0.1)
(2.2189935 0.35 0.1)
(2.270598 0.35 0.1)
(2.3222025 0.35 0.1)
(2.373807 0.35 0.1)
(2.4254115 0.35 0.1)
(2.477016 0.35 0.1)
(2.5286205 0.35 0.1)
(2.580225 0.35 0.1)
(2.6318295 0.35 0.1)
(2.683434 0.35 0.1)
(2.7350385 0.35 0.1)
(2.786643 0.35 0.1)
(2.8382475 0.35 0.1)
(2.889852 0.35 0.1)
(2.9414565 0.35 0.1)
(2.993061 0.35 0.1)
(3.0446655 0.35 0.1)
(3.09627 0.35 0.1)
(3.1478745 0.35 0.1)
(3.199479 0.35 0.1)
(3.2510835 0.35 0.1)
(3.302688 0.35 0.1)
(3.3542925 0.35 0.1)
(3.405897 0.35 0.1)
(3.4575015 0.35 0.1)
(3.509106 0.35 0.1)
(3.5607105 0.35 0.1)
(3.612315 0.35 0.1)
(3.6639195 0.35 0.1)
(3.715524 0.35 0.1)
(3.7671285 0.35 0.1)
(3.818733 0.35 0.1)
(3.8703375 0.35 0.1)
(3.921942 0.35 0.1)
(3.9735465 0.35 0.1)
(4.025151 0.35 0.1)
(4.0767555 0.35 0.1)
(4.12836 0.35 0.1)
(0 0.4 0.1)
(0.0516045 0.4 0.1)
(0.103209 0.4 0.1)
(0.1548135 0.4 0.1)
(0.206418 0.4 0.1)
(0.2580225 0.4 0.1)
(0.309627 0.4 0.1)
(0.3612315 0.4 0.1)
(0.412836 0.4 0.1)
(0.4644405 0.4 0.1)
(0.516045 0.4 0.1)
(0.5676495 0.4 0.1)
(0.619254 0.4 0.1)
(0.6708585 0.4 0.1)
(0.722463 0.4 0.1)
(0.7740675 0.4 0.1)
(0.825672 0.4 0.1)
(0.8772765 0.4 0.1)
(0.928881 0.4 0.1)
(0.9804855 0.4 0.1)
(1.03209 0.4 0.1)
(1.0836945 0.4 0.1)
(1.135299 0.4 0.1)
(1.1869035 0.4 0.1)
(1.238508 0.4 0.1)
(1.2901125 0.4 0.1)
(1.341717 0.4 0.1)
(1.3933215 0.4 0.1)
(1.444926 0.4 0.1)
(1.4965305 0.4 0.1)
(1.548135 0.4 0.1)
(1.5997395 0.4 0.1)
(1.651344 0.4 0.1)
(1.7029485 0.4 0.1)
(1.754553 0.4 0.1)
(1.8061575 0.4 0.1)
(1.857762 0.4 0.1)
(1.9093665 0.4 0.1)
(1.960971 0.4 0.1)
(2.0125755 0.4 0.1)
(2.06418 0.4 0.1)
(2.1157845 0.4 0.1)
(2.167389 0.4 0.1)
(2.2189935 0.4 0.1)
(2.270598 0.4 0.1)
(2.3222025 0.4 0.1)
(2.373807 0.4 0.1)
(2.4254115 0.4 0.1)
(2.477016 0.4 0.1)
(2.5286205 0.4 0.1)
(2.580225 0.4 0.1)
(2.6318295 0.4 0.1)
(2.683434 0.4 0.1)
(2.7350385 0.4 0.1)
(2.786643 0.4 0.1)
(2.8382475 0.4 0.1)
(2.889852 0.4 0.1)
(2.9414565 0.4 0.1)
(2.993061 0.4 0.1)
(3.0446655 0.4 0.1)
(3.09627 0.4 0.1)
(3.1478745 0.4 0.1)
(3.199479 0.4 0.1)
(3.2510835 0.4 0.1)
(3.302688 0.4 0.1)
(3.3542925 0.4 0.1)
(3.405897 0.4 0.1)
(3.4575015 0.4 0.1)
(3.509106 0.4 0.1)
(3.5607105 0.4 0.1)
(3.612315 0.4 0.1)
(3.6639195 0.4 0.1)
(3.715524 0.4 0.1)
(3.7671285 0.4 0.1)
(3.818733 0.4 0.1)
(3.8703375 0.4 0.1)
(3.921942 0.4 0.1)
(3.9735465 0.4 0.1)
(4.025151 0.4 0.1)
(4.0767555 0.4 0.1)
(4.12836 0.4 0.1)
(0 0.45 0.1)
(0.0516045 0.45 0.1)
(0.103209 0.45 0.1)
(0.1548135 0.45 0.1)
(0.206418 0.45 0.1)
(0.2580225 0.45 0.1)
(0.309627 0.45 0.1)
(0.3612315 0.45 0.1)
(0.412836 0.45 0.1)
(0.4644405 0.45 0.1)
(0.516045 0.45 0.1)
(0.5676495 0.45 0.1)
(0.619254 0.45 0.1)
(0.6708585 0.45 0.1)
(0.722463 0.45 0.1)
(0.7740675 0.45 0.1)
(0.825672 0.45 0.1)
(0.8772765 0.45 0.1)
(0.928881 0.45 0.1)
(0.9804855 0.45 0.1)
(1.03209 0.45 0.1)
(1.0836945 0.45 0.1)
(1.135299 0.45 0.1)
(1.1869035 0.45 0.1)
(1.238508 0.45 0.1)
(1.2901125 0.45 0.1)
(1.341717 0.45 0.1)
(1.3933215 0.45 0.1)
(1.444926 0.45 0.1)
(1.4965305 0.45 0.1)
(1.548135 0.45 0.1)
(1.5997395 0.45 0.1)
(1.651344 0.45 0.1)
(1.7029485 0.45 0.1)
(1.754553 0.45 0.1)
(1.8061575 0.45 0.1)
(1.857762 0.45 0.1)
(1.9093665 0.45 0.1)
(1.960971 0.45 0.1)
(2.0125755 0.45 0.1)
(2.06418 0.45 0.1)
(2.1157845 0.45 0.1)
(2.167389 0.45 0.1)
(2.2189935 0.45 0.1)
(2.270598 0.45 0.1)
(2.3222025 0.45 0.1)
(2.373807 0.45 0.1)
(2.4254115 0.45 0.1)
(2.477016 0.45 0.1)
(2.5286205 0.45 0.1)
(2.580225 0.45 0.1)
(2.6318295 0.45 0.1)
(2.683434 0.45 0.1)
(2.7350385 0.45 0.1)
(2.786643 0.45 0.1)
(2.8382475 0.45 0.1)
(2.889852 0.45 0.1)
(2.9414565 0.45 0.1)
(2.993061 0.45 0.1)
(3.0446655 0.45 0.1)
(3.09627 0.45 0.1)
(3.1478745 0.45 0.1)
(3.199479 0.45 0.1)
(3.2510835 0.45 0.1)
(3.302688 0.45 0.1)
(3.3542925 0.45 0.1)
(3.405897 0.45 0.1)
(3.4575015 0.45 0.1)
(3.509106 0.45 0.1)
(3.5607105 0.45 0.1)
(3.612315 0.45 0.1)
(3.6639195 0.45 0.1)
(3.715524 0.45 0.1)
(3.7671285 0.45 0.1)
(3.818733 0.45 0.1)
(3.8703375 0.45 0.1)
(3.921942 0.45 0.1)
(3.9735465 0.45 0.1)
(4.025151 0.45 0.1)
(4.0767555 0.45 0.1)
(4.12836 0.45 0.1)
(0 0.5 0.1)
(0.0516045 0.5 0.1)
(0.103209 0.5 0.1)
(0.1548135 0.5 0.1)
(0.206418 0.5 0.1)
(0.2580225 0.5 0.1)
(0.309627 0.5 0.1)
(0.3612315 0.5 0.1)
(0.412836 0.5 0.1)
(0.4644405 0.5 0.1)
(0.516045 0.5 0.1)
(0.5676495 0.5 0.1)
(0.619254 0.5 0.1)
(0.6708585 0.5 0.1)
(0.722463 0.5 0.1)
(0.7740675 0.5 0.1)
(0.825672 0.5 0.1)
(0.8772765 0.5 0.1)
(0.928881 0.5 0.1)
(0.9804855 0.5 0.1)
(1.03209 0.5 0.1)
(1.0836945 0.5 0.1)
(1.135299 0.5 0.1)
(1.1869035 0.5 0.1)
(1.238508 0.5 0.1)
(1.2901125 0.5 0.1)
(1.341717 0.5 0.1)
(1.3933215 0.5 0.1)
(1.444926 0.5 0.1)
(1.4965305 0.5 0.1)
(1.548135 0.5 0.1)
(1.5997395 0.5 0.1)
(1.651344 0.5 0.1)
(1.7029485 0.5 0.1)
(1.754553 0.5 0.1)
(1.8061575 0.5 0.1)
(1.857762 0.5 0.1)
(1.9093665 0.5 0.1)
(1.960971 0.5 0.1)
(2.0125755 0.5 0.1)
(2.06418 0.5 0.1)
(2.1157845 0.5 0.1)
(2.167389 0.5 0.1)
(2.2189935 0.5 0.1)
(2.270598 0.5 0.1)
(2.3222025 0.5 0.1)
(2.373807 0.5 0.1)
(2.4254115 0.5 0.1)
(2.477016 0.5 0.1)
(2.5286205 0.5 0.1)
(2.580225 0.5 0.1)
(2.6318295 0.5 0.1)
(2.683434 0.5 0.1)
(2.7350385 0.5 0.1)
(2.786643 0.5 0.1)
(2.8382475 0.5 0.1)
(2.889852 0.5 0.1)
(2.9414565 0.5 0.1)
(2.993061 0.5 0.1)
(3.0446655 0.5 0.1)
(3.09627 0.5 0.1)
(3.1478745 0.5 0.1)
(3.199479 0.5 0.1)
(3.2510835 0.5 0.1)
(3.302688 0.5 0.1)
(3.3542925 0.5 0.1)
(3.405897 0.5 0.1)
(3.4575015 0.5 0.1)
(3.509106 0.5 0.1)
(3.5607105 0.5 0.1)
(3.612315 0.5 0.1)
(3.6639195 0.5 0.1)
(3.715524 0.5 0.1)
(3.7671285 0.5 0.1)
(3.818733 0.5 0.1)
(3.8703375 0.5 0.1)
(3.921942 0.5 0.1)
(3.9735465 0.5 0.1)
(4.025151 0.5 0.1)
(4.0767555 0.5 0.1)
(4.12836 0.5 0.1)
(0 0.55 0.1)
(0.0516045 0.55 0.1)
(0.103209 0.55 0.1)
(0.1548135 0.55 0.1)
(0.206418 0.55 0.1)
(0.2580225 0.55 0.1)
(0.309627 0.55 0.1)
(0.3612315 0.55 0.1)
(0.412836 0.55 0.1)
(0.4644405 0.55 0.1)
(0.516045 0.55 0.1)
(0.5676495 0.55 0.1)
(0.619254 0.55 0.1)
(0.6708585 0.55 0.1)
(0.722463 0.55 0.1)
(0.7740675 0.55 0.1)
(0.825672 0.55 0.1)
(0.8772765 0.55 0.1)
(0.928881 0.55 0.1)
(0.9804855 0.55 0.1)
(1.03209 0.55 0.1)
(1.0836945 0.55 0.1)
(1.135299 0.55 0.1)
(1.1869035 0.55 0.1)
(1.238508 0.55 0.1)
(1.2901125 0.55 0.1)
(1.341717 0.55 0.1)
(1.3933215 0.55 0.1)
(1.444926 0.55 0.1)
(1.4965305 0.55 0.1)
(1.548135 0.55 0.1)
(1.5997395 0.55 0.1)
(1.651344 0.55 0.1)
(1.7029485 0.55 0.1)
(1.754553 0.55 0.1)
(1.8061575 0.55 0.1)
(1.857762 0.55 0.1)
(1.9093665 0.55 0.1)
(1.960971 0.55 0.1)
(2.0125755 0.55 0.1)
(2.06418 0.55 0.1)
(2.1157845 0.55 0.1)
(2.167389 0.55 0.1)
(2.2189935 0.55 0.1)
(2.270598 0.55 0.1)
(2.3222025 0.55 0.1)
(2.373807 0.55 0.1)
(2.4254115 0.55 0.1)
(2.477016 0.55 0.1)
(2.5286205 0.55 0.1)
(2.580225 0.55 0.1)
(2.6318295 0.55 0.1)
(2.683434 0.55 0.1)
(2.7350385 0.55 0.1)
(2.786643 0.55 0.1)
(2.8382475 0.55 0.1)
(2.889852 0.55 0.1)
(2.9414565 0.55 0.1)
(2.993061 0.55 0.1)
(3.0446655 0.55 0.1)
(3.09627 0.55 0.1)
(3.1478745 0.55 0.1)
(3.199479 0.55 0.1)
(3.2510835 0.55 0.1)
(3.302688 0.55 0.1)
(3.3542925 0.55 0.1)
(3.405897 0.55 0.1)
(3.4575015 0.55 0.1)
(3.509106 0.55 0.1)
(3.5607105 0.55 0.1)
(3.612315 0.55 0.1)
(3.6639195 0.55 0.1)
(3.715524 0.55 0.1)
(3.7671285 0.55 0.1)
(3.818733 0.55 0.1)
(3.8703375 0.55 0.1)
(3.921942 0.55 0.1)
(3.9735465 0.55 0.1)
(4.025151 0.55 0.1)
(4.0767555 0.55 0.1)
(4.12836 0.55 0.1)
(0 0.6 0.1)
(0.0516045 0.6 0.1)
(0.103209 0.6 0.1)
(0.1548135 0.6 0.1)
(0.206418 0.6 0.1)
(0.2580225 0.6 0.1)
(0.309627 0.6 0.1)
(0.3612315 0.6 0.1)
(0.412836 0.6 0.1)
(0.4644405 0.6 0.1)
(0.516045 0.6 0.1)
(0.5676495 0.6 0.1)
(0.619254 0.6 0.1)
(0.6708585 0.6 0.1)
(0.722463 0.6 0.1)
(0.7740675 0.6 0.1)
(0.825672 0.6 0.1)
(0.8772765 0.6 0.1)
(0.928881 0.6 0.1)
(0.9804855 0.6 0.1)
(1.03209 0.6 0.1)
(1.0836945 0.6 0.1)
(1.135299 0.6 0.1)
(1.1869035 0.6 0.1)
(1.238508 0.6 0.1)
(1.2901125 0.6 0.1)
(1.341717 0.6 0.1)
(1.3933215 0.6 0.1)
(1.444926 0.6 0.1)
(1.4965305 0.6 0.1)
(1.548135 0.6 0.1)
(1.5997395 0.6 0.1)
(1.651344 0.6 0.1)
(1.7029485 0.6 0.1)
(1.754553 0.6 0.1)
(1.8061575 0.6 0.1)
(1.857762 0.6 0.1)
(1.9093665 0.6 0.1)
(1.960971 0.6 0.1)
(2.0125755 0.6 0.1)
(2.06418 0.6 0.1)
(2.1157845 0.6 0.1)
(2.167389 0.6 0.1)
(2.2189935 0.6 0.1)
(2.270598 0.6 0.1)
(2.3222025 0.6 0.1)
(2.373807 0.6 0.1)
(2.4254115 0.6 0.1)
(2.477016 0.6 0.1)
(2.5286205 0.6 0.1)
(2.580225 0.6 0.1)
(2.6318295 0.6 0.1)
(2.683434 0.6 0.1)
(2.7350385 0.6 0.1)
(2.786643 0.6 0.1)
(2.8382475 0.6 0.1)
(2.889852 0.6 0.1)
(2.9414565 0.6 0.1)
(2.993061 0.6 0.1)
(3.0446655 0.6 0.1)
(3.09627 0.6 0.1)
(3.1478745 0.6 0.1)
(3.199479 0.6 0.1)
(3.2510835 0.6 0.1)
(3.302688 0.6 0.1)
(3.3542925 0.6 0.1)
(3.405897 0.6 0.1)
(3.4575015 0.6 0.1)
(3.509106 0.6 0.1)
(3.5607105 0.6 0.1)
(3.612315 0.6 0.1)
(3.6639195 0.6 0.1)
(3.715524 0.6 0.1)
(3.7671285 0.6 0.1)
(3.818733 0.6 0.1)
(3.8703375 0.6 0.1)
(3.921942 0.6 0.1)
(3.9735465 0.6 0.1)
(4.025151 0.6 0.1)
(4.0767555 0.6 0.1)
(4.12836 0.6 0.1)
(0 0.65 0.1)
(0.0516045 0.65 0.1)
(0.103209 0.65 0.1)
(0.1548135 0.65 0.1)
(0.206418 0.65 0.1)
(0.2580225 0.65 0.1)
(0.309627 0.65 0.1)
(0.3612315 0.65 0.1)
(0.412836 0.65 0.1)
(0.4644405 0.65 0.1)
(0.516045 0.65 0.1)
(0.5676495 0.65 0.1)
(0.619254 0.65 0.1)
(0.6708585 0.65 0.1)
(0.722463 0.65 0.1)
(0.7740675 0.65 0.1)
(0.825672 0.65 0.1)
(0.8772765 0.65 0.1)
(0.928881 0.65 0.1)
(0.9804855 0.65 0.1)
(1.03209 0.65 0.1)
(1.0836945 0.65 0.1)
(1.135299 0.65 0.1)
(1.1869035 0.65 0.1)
(1.238508 0.65 0.1)
(1.2901125 0.65 0.1)
(1.341717 0.65 0.1)
(1.3933215 0.65 0.1)
(1.444926 0.65 0.1)
(1.4965305 0.65 0.1)
(1.548135 0.65 0.1)
(1.5997395 0.65 0.1)
(1.651344 0.65 0.1)
(1.7029485 0.65 0.1)
(1.754553 0.65 0.1)
(1.8061575 0.65 0.1)
(1.857762 0.65 0.1)
(1.9093665 0.65 0.1)
(1.960971 0.65 0.1)
(2.0125755 0.65 0.1)
(2.06418 0.65 0.1)
(2.1157845 0.65 0.1)
(2.167389 0.65 0.1)
(2.2189935 0.65 0.1)
(2.270598 0.65 0.1)
(2.3222025 0.65 0.1)
(2.373807 0.65 0.1)
(2.4254115 0.65 0.1)
(2.477016 0.65 0.1)
(2.5286205 0.65 0.1)
(2.580225 0.65 0.1)
(2.6318295 0.65 0.1)
(2.683434 0.65 0.1)
(2.7350385 0.65 0.1)
(2.786643 0.65 0.1)
(2.8382475 0.65 0.1)
(2.889852 0.65 0.1)
(2.9414565 0.65 0.1)
(2.993061 0.65 0.1)
(3.0446655 0.65 0.1)
(3.09627 0.65 0.1)
(3.1478745 0.65 0.1)
(3.199479 0.65 0.1)
(3.2510835 0.65 0.1)
(3.302688 0.65 0.1)
(3.3542925 0.65 0.1)
(3.405897 0.65 0.1)
(3.4575015 0.65 0.1)
(3.509106 0.65 0.1)
(3.5607105 0.65 0.1)
(3.612315 0.65 0.1)
(3.6639195 0.65 0.1)
(3.715524 0.65 0.1)
(3.7671285 0.65 0.1)
(3.818733 0.65 0.1)
(3.8703375 0.65 0.1)
(3.921942 0.65 0.1)
(3.9735465 0.65 0.1)
(4.025151 0.65 0.1)
(4.0767555 0.65 0.1)
(4.12836 0.65 0.1)
(0 0.7 0.1)
(0.0516045 0.7 0.1)
(0.103209 0.7 0.1)
(0.1548135 0.7 0.1)
(0.206418 0.7 0.1)
(0.2580225 0.7 0.1)
(0.309627 0.7 0.1)
(0.3612315 0.7 0.1)
(0.412836 0.7 0.1)
(0.4644405 0.7 0.1)
(0.516045 0.7 0.1)
(0.5676495 0.7 0.1)
(0.619254 0.7 0.1)
(0.6708585 0.7 0.1)
(0.722463 0.7 0.1)
(0.7740675 0.7 0.1)
(0.825672 0.7 0.1)
(0.8772765 0.7 0.1)
(0.928881 0.7 0.1)
(0.9804855 0.7 0.1)
(1.03209 0.7 0.1)
(1.0836945 0.7 0.1)
(1.135299 0.7 0.1)
(1.1869035 0.7 0.1)
(1.238508 0.7 0.1)
(1.2901125 0.7 0.1)
(1.341717 0.7 0.1)
(1.3933215 0.7 0.1)
(1.444926 0.7 0.1)
(1.4965305 0.7 0.1)
(1.548135 0.7 0.1)
(1.5997395 0.7 0.1)
(1.651344 0.7 0.1)
(1.7029485 0.7 0.1)
(1.754553 0.7 0.1)
(1.8061575 0.7 0.1)
(1.857762 0.7 0.1)
(1.9093665 0.7 0.1)
(1.960971 0.7 0.1)
(2.0125755 0.7 0.1)
(2.06418 0.7 0.1)
(2.1157845 0.7 0.1)
(2.167389 0.7 0.1)
(2.2189935 0.7 0.1)
(2.270598 0.7 0.1)
(2.3222025 0.7 0.1)
(2.373807 0.7 0.1)
(2.4254115 0.7 0.1)
(2.477016 0.7 0.1)
(2.5286205 0.7 0.1)
(2.580225 0.7 0.1)
(2.6318295 0.7 0.1)
(2.683434 0.7 0.1)
(2.7350385 0.7 0.1)
(2.786643 0.7 0.1)
(2.8382475 0.7 0.1)
(2.889852 0.7 0.1)
(2.9414565 0.7 0.1)
(2.993061 0.7 0.1)
(3.0446655 0.7 0.1)
(3.09627 0.7 0.1)
(3.1478745 0.7 0.1)
(3.199479 0.7 0.1)
(3.2510835 0.7 0.1)
(3.302688 0.7 0.1)
(3.3542925 0.7 0.1)
(3.405897 0.7 0.1)
(3.4575015 0.7 0.1)
(3.509106 0.7 0.1)
(3.5607105 0.7 0.1)
(3.612315 0.7 0.1)
(3.6639195 0.7 0.1)
(3.715524 0.7 0.1)
(3.7671285 0.7 0.1)
(3.818733 0.7 0.1)
(3.8703375 0.7 0.1)
(3.921942 0.7 0.1)
(3.9735465 0.7 0.1)
(4.025151 0.7 0.1)
(4.0767555 0.7 0.1)
(4.12836 0.7 0.1)
(0 0.75 0.1)
(0.0516045 0.75 0.1)
(0.103209 0.75 0.1)
(0.1548135 0.75 0.1)
(0.206418 0.75 0.1)
(0.2580225 0.75 0.1)
(0.309627 0.75 0.1)
(0.3612315 0.75 0.1)
(0.412836 0.75 0.1)
(0.4644405 0.75 0.1)
(0.516045 0.75 0.1)
(0.5676495 0.75 0.1)
(0.619254 0.75 0.1)
(0.6708585 0.75 0.1)
(0.722463 0.75 0.1)
(0.7740675 0.75 0.1)
(0.825672 0.75 0.1)
(0.8772765 0.75 0.1)
(0.928881 0.75 0.1)
(0.9804855 0.75 0.1)
(1.03209 0.75 0.1)
(1.0836945 0.75 0.1)
(1.135299 0.75 0.1)
(1.1869035 0.75 0.1)
(1.238508 0.75 0.1)
(1.2901125 0.75 0.1)
(1.341717 0.75 0.1)
(1.3933215 0.75 0.1)
(1.444926 0.75 0.1)
(1.4965305 0.75 0.1)
(1.548135 0.75 0.1)
(1.5997395 0.75 0.1)
(1.651344 0.75 0.1)
(1.7029485 0.75 0.1)
(1.754553 0.75 0.1)
(1.8061575 0.75 0.1)
(1.857762 0.75 0.1)
(1.9093665 0.75 0.1)
(1.960971 0.75 0.1)
(2.0125755 0.75 0.1)
(2.06418 0.75 0.1)
(2.1157845 0.75 0.1)
(2.167389 0.75 0.1)
(2.2189935 0.75 0.1)
(2.270598 0.75 0.1)
(2.3222025 0.75 0.1)
(2.373807 0.75 0.1)
(2.4254115 0.75 0.1)
(2.477016 0.75 0.1)
(2.5286205 0.75 0.1)
(2.580225 0.75 0.1)
(2.6318295 0.75 0.1)
(2.683434 0.75 0.1)
(2.7350385 0.75 0.1)
(2.786643 0.75 0.1)
(2.8382475 0.75 0.1)
(2.889852 0.75 0.1)
(2.9414565 0.75 0.1)
(2.993061 0.75 0.1)
(3.0446655 0.75 0.1)
(3.09627 0.75 0.1)
(3.1478745 0.75 0.1)
(3.199479 0.75 0.1)
(3.2510835 0.75 0.1)
(3.302688 0.75 0.1)
(3.3542925 0.75 0.1)
(3.405897 0.75 0.1)
(3.4575015 0.75 0.1)
(3.509106 0.75 0.1)
(3.5607105 0.75 0.1)
(3.612315 0.75 0.1)
(3.6639195 0.75 0.1)
(3.715524 0.75 0.1)
(3.7671285 0.75 0.1)
(3.818733 0.75 0.1)
(3.8703375 0.75 0.1)
(3.921942 0.75 0.1)
(3.9735465 0.75 0.1)
(4.025151 0.75 0.1)
(4.0767555 0.75 0.1)
(4.12836 0.75 0.1)
(0 0.8 0.1)
(0.0516045 0.8 0.1)
(0.103209 0.8 0.1)
(0.1548135 0.8 0.1)
(0.206418 0.8 0.1)
(0.2580225 0.8 0.1)
(0.309627 0.8 0.1)
(0.3612315 0.8 0.1)
(0.412836 0.8 0.1)
(0.4644405 0.8 0.1)
(0.516045 0.8 0.1)
(0.5676495 0.8 0.1)
(0.619254 0.8 0.1)
(0.6708585 0.8 0.1)
(0.722463 0.8 0.1)
(0.7740675 0.8 0.1)
(0.825672 0.8 0.1)
(0.8772765 0.8 0.1)
(0.928881 0.8 0.1)
(0.9804855 0.8 0.1)
(1.03209 0.8 0.1)
(1.0836945 0.8 0.1)
(1.135299 0.8 0.1)
(1.1869035 0.8 0.1)
(1.238508 0.8 0.1)
(1.2901125 0.8 0.1)
(1.341717 0.8 0.1)
(1.3933215 0.8 0.1)
(1.444926 0.8 0.1)
(1.4965305 0.8 0.1)
(1.548135 0.8 0.1)
(1.5997395 0.8 0.1)
(1.651344 0.8 0.1)
(1.7029485 0.8 0.1)
(1.754553 0.8 0.1)
(1.8061575 0.8 0.1)
(1.857762 0.8 0.1)
(1.9093665 0.8 0.1)
(1.960971 0.8 0.1)
(2.0125755 0.8 0.1)
(2.06418 0.8 0.1)
(2.1157845 0.8 0.1)
(2.167389 0.8 0.1)
(2.2189935 0.8 0.1)
(2.270598 0.8 0.1)
(2.3222025 0.8 0.1)
(2.373807 0.8 0.1)
(2.4254115 0.8 0.1)
(2.477016 0.8 0.1)
(2.5286205 0.8 0.1)
(2.580225 0.8 0.1)
(2.6318295 0.8 0.1)
(2.683434 0.8 0.1)
(2.7350385 0.8 0.1)
(2.786643 0.8 0.1)
(2.8382475 0.8 0.1)
(2.889852 0.8 0.1)
(2.9414565 0.8 0.1)
(2.993061 0.8 0.1)
(3.0446655 0.8 0.1)
(3.09627 0.8 0.1)
(3.1478745 0.8 0.1)
(3.199479 0.8 0.1)
(3.2510835 0.8 0.1)
(3.302688 0.8 0.1)
(3.3542925 0.8 0.1)
(3.405897 0.8 0.1)
(3.4575015 0.8 0.1)
(3.509106 0.8 0.1)
(3.5607105 0.8 0.1)
(3.612315 0.8 0.1)
(3.6639195 0.8 0.1)
(3.715524 0.8 0.1)
(3.7671285 0.8 0.1)
(3.818733 0.8 0.1)
(3.8703375 0.8 0.1)
(3.921942 0.8 0.1)
(3.9735465 0.8 0.1)
(4.025151 0.8 0.1)
(4.0767555 0.8 0.1)
(4.12836 0.8 0.1)
(0 0.85 0.1)
(0.0516045 0.85 0.1)
(0.103209 0.85 0.1)
(0.1548135 0.85 0.1)
(0.206418 0.85 0.1)
(0.2580225 0.85 0.1)
(0.309627 0.85 0.1)
(0.3612315 0.85 0.1)
(0.412836 0.85 0.1)
(0.4644405 0.85 0.1)
(0.516045 0.85 0.1)
(0.5676495 0.85 0.1)
(0.619254 0.85 0.1)
(0.6708585 0.85 0.1)
(0.722463 0.85 0.1)
(0.7740675 0.85 0.1)
(0.825672 0.85 0.1)
(0.8772765 0.85 0.1)
(0.928881 0.85 0.1)
(0.9804855 0.85 0.1)
(1.03209 0.85 0.1)
(1.0836945 0.85 0.1)
(1.135299 0.85 0.1)
(1.1869035 0.85 0.1)
(1.238508 0.85 0.1)
(1.2901125 0.85 0.1)
(1.341717 0.85 0.1)
(1.3933215 0.85 0.1)
(1.444926 0.85 0.1)
(1.4965305 0.85 0.1)
(1.548135 0.85 0.1)
(1.5997395 0.85 0.1)
(1.651344 0.85 0.1)
(1.7029485 0.85 0.1)
(1.754553 0.85 0.1)
(1.8061575 0.85 0.1)
(1.857762 0.85 0.1)
(1.9093665 0.85 0.1)
(1.960971 0.85 0.1)
(2.0125755 0.85 0.1)
(2.06418 0.85 0.1)
(2.1157845 0.85 0.1)
(2.167389 0.85 0.1)
(2.2189935 0.85 0.1)
(2.270598 0.85 0.1)
(2.3222025 0.85 0.1)
(2.373807 0.85 0.1)
(2.4254115 0.85 0.1)
(2.477016 0.85 0.1)
(2.5286205 0.85 0.1)
(2.580225 0.85 0.1)
(2.6318295 0.85 0.1)
(2.683434 0.85 0.1)
(2.7350385 0.85 0.1)
(2.786643 0.85 0.1)
(2.8382475 0.85 0.1)
(2.889852 0.85 0.1)
(2.9414565 0.85 0.1)
(2.993061 0.85 0.1)
(3.0446655 0.85 0.1)
(3.09627 0.85 0.1)
(3.1478745 0.85 0.1)
(3.199479 0.85 0.1)
(3.2510835 0.85 0.1)
(3.302688 0.85 0.1)
(3.3542925 0.85 0.1)
(3.405897 0.85 0.1)
(3.4575015 0.85 0.1)
(3.509106 0.85 0.1)
(3.5607105 0.85 0.1)
(3.612315 0.85 0.1)
(3.6639195 0.85 0.1)
(3.715524 0.85 0.1)
(3.7671285 0.85 0.1)
(3.818733 0.85 0.1)
(3.8703375 0.85 0.1)
(3.921942 0.85 0.1)
(3.9735465 0.85 0.1)
(4.025151 0.85 0.1)
(4.0767555 0.85 0.1)
(4.12836 0.85 0.1)
(0 0.9 0.1)
(0.0516045 0.9 0.1)
(0.103209 0.9 0.1)
(0.1548135 0.9 0.1)
(0.206418 0.9 0.1)
(0.2580225 0.9 0.1)
(0.309627 0.9 0.1)
(0.3612315 0.9 0.1)
(0.412836 0.9 0.1)
(0.4644405 0.9 0.1)
(0.516045 0.9 0.1)
(0.5676495 0.9 0.1)
(0.619254 0.9 0.1)
(0.6708585 0.9 0.1)
(0.722463 0.9 0.1)
(0.7740675 0.9 0.1)
(0.825672 0.9 0.1)
(0.8772765 0.9 0.1)
(0.928881 0.9 0.1)
(0.9804855 0.9 0.1)
(1.03209 0.9 0.1)
(1.0836945 0.9 0.1)
(1.135299 0.9 0.1)
(1.1869035 0.9 0.1)
(1.238508 0.9 0.1)
(1.2901125 0.9 0.1)
(1.341717 0.9 0.1)
(1.3933215 0.9 0.1)
(1.444926 0.9 0.1)
(1.4965305 0.9 0.1)
(1.548135 0.9 0.1)
(1.5997395 0.9 0.1)
(1.651344 0.9 0.1)
(1.7029485 0.9 0.1)
(1.754553 0.9 0.1)
(1.8061575 0.9 0.1)
(1.857762 0.9 0.1)
(1.9093665 0.9 0.1)
(1.960971 0.9 0.1)
(2.0125755 0.9 0.1)
(2.06418 0.9 0.1)
(2.1157845 0.9 0.1)
(2.167389 0.9 0.1)
(2.2189935 0.9 0.1)
(2.270598 0.9 0.1)
(2.3222025 0.9 0.1)
(2.373807 0.9 0.1)
(2.4254115 0.9 0.1)
(2.477016 0.9 0.1)
(2.5286205 0.9 0.1)
(2.580225 0.9 0.1)
(2.6318295 0.9 0.1)
(2.683434 0.9 0.1)
(2.7350385 0.9 0.1)
(2.786643 0.9 0.1)
(2.8382475 0.9 0.1)
(2.889852 0.9 0.1)
(2.9414565 0.9 0.1)
(2.993061 0.9 0.1)
(3.0446655 0.9 0.1)
(3.09627 0.9 0.1)
(3.1478745 0.9 0.1)
(3.199479 0.9 0.1)
(3.2510835 0.9 0.1)
(3.302688 0.9 0.1)
(3.3542925 0.9 0.1)
(3.405897 0.9 0.1)
(3.4575015 0.9 0.1)
(3.509106 0.9 0.1)
(3.5607105 0.9 0.1)
(3.612315 0.9 0.1)
(3.6639195 0.9 0.1)
(3.715524 0.9 0.1)
(3.7671285 0.9 0.1)
(3.818733 0.9 0.1)
(3.8703375 0.9 0.1)
(3.921942 0.9 0.1)
(3.9735465 0.9 0.1)
(4.025151 0.9 0.1)
(4.0767555 0.9 0.1)
(4.12836 0.9 0.1)
(0 0.95 0.1)
(0.0516045 0.95 0.1)
(0.103209 0.95 0.1)
(0.1548135 0.95 0.1)
(0.206418 0.95 0.1)
(0.2580225 0.95 0.1)
(0.309627 0.95 0.1)
(0.3612315 0.95 0.1)
(0.412836 0.95 0.1)
(0.4644405 0.95 0.1)
(0.516045 0.95 0.1)
(0.5676495 0.95 0.1)
(0.619254 0.95 0.1)
(0.6708585 0.95 0.1)
(0.722463 0.95 0.1)
(0.7740675 0.95 0.1)
(0.825672 0.95 0.1)
(0.8772765 0.95 0.1)
(0.928881 0.95 0.1)
(0.9804855 0.95 0.1)
(1.03209 0.95 0.1)
(1.0836945 0.95 0.1)
(1.135299 0.95 0.1)
(1.1869035 0.95 0.1)
(1.238508 0.95 0.1)
(1.2901125 0.95 0.1)
(1.341717 0.95 0.1)
(1.3933215 0.95 0.1)
(1.444926 0.95 0.1)
(1.4965305 0.95 0.1)
(1.548135 0.95 0.1)
(1.5997395 0.95 0.1)
(1.651344 0.95 0.1)
(1.7029485 0.95 0.1)
(1.754553 0.95 0.1)
(1.8061575 0.95 0.1)
(1.857762 0.95 0.1)
(1.9093665 0.95 0.1)
(1.960971 0.95 0.1)
(2.0125755 0.95 0.1)
(2.06418 0.95 0.1)
(2.1157845 0.95 0.1)
(2.167389 0.95 0.1)
(2.2189935 0.95 0.1)
(2.270598 0.95 0.1)
(2.3222025 0.95 0.1)
(2.373807 0.95 0.1)
(2.4254115 0.95 0.1)
(2.477016 0.95 0.1)
(2.5286205 0.95 0.1)
(2.580225 0.95 0.1)
(2.6318295 0.95 0.1)
(2.683434 0.95 0.1)
(2.7350385 0.95 0.1)
(2.786643 0.95 0.1)
(2.8382475 0.95 0.1)
(2.889852 0.95 0.1)
(2.9414565 0.95 0.1)
(2.993061 0.95 0.1)
(3.0446655 0.95 0.1)
(3.09627 0.95 0.1)
(3.1478745 0.95 0.1)
(3.199479 0.95 0.1)
(3.2510835 0.95 0.1)
(3.302688 0.95 0.1)
(3.3542925 0.95 0.1)
(3.405897 0.95 0.1)
(3.4575015 0.95 0.1)
(3.509106 0.95 0.1)
(3.5607105 0.95 0.1)
(3.612315 0.95 0.1)
(3.6639195 0.95 0.1)
(3.715524 0.95 0.1)
(3.7671285 0.95 0.1)
(3.818733 0.95 0.1)
(3.8703375 0.95 0.1)
(3.921942 0.95 0.1)
(3.9735465 0.95 0.1)
(4.025151 0.95 0.1)
(4.0767555 0.95 0.1)
(4.12836 0.95 0.1)
(0 1 0.1)
(0.0516045 1 0.1)
(0.103209 1 0.1)
(0.1548135 1 0.1)
(0.206418 1 0.1)
(0.2580225 1 0.1)
(0.309627 1 0.1)
(0.3612315 1 0.1)
(0.412836 1 0.1)
(0.4644405 1 0.1)
(0.516045 1 0.1)
(0.5676495 1 0.1)
(0.619254 1 0.1)
(0.6708585 1 0.1)
(0.722463 1 0.1)
(0.7740675 1 0.1)
(0.825672 1 0.1)
(0.8772765 1 0.1)
(0.928881 1 0.1)
(0.9804855 1 0.1)
(1.03209 1 0.1)
(1.0836945 1 0.1)
(1.135299 1 0.1)
(1.1869035 1 0.1)
(1.238508 1 0.1)
(1.2901125 1 0.1)
(1.341717 1 0.1)
(1.3933215 1 0.1)
(1.444926 1 0.1)
(1.4965305 1 0.1)
(1.548135 1 0.1)
(1.5997395 1 0.1)
(1.651344 1 0.1)
(1.7029485 1 0.1)
(1.754553 1 0.1)
(1.8061575 1 0.1)
(1.857762 1 0.1)
(1.9093665 1 0.1)
(1.960971 1 0.1)
(2.0125755 1 0.1)
(2.06418 1 0.1)
(2.1157845 1 0.1)
(2.167389 1 0.1)
(2.2189935 1 0.1)
(2.270598 1 0.1)
(2.3222025 1 0.1)
(2.373807 1 0.1)
(2.4254115 1 0.1)
(2.477016 1 0.1)
(2.5286205 1 0.1)
(2.580225 1 0.1)
(2.6318295 1 0.1)
(2.683434 1 0.1)
(2.7350385 1 0.1)
(2.786643 1 0.1)
(2.8382475 1 0.1)
(2.889852 1 0.1)
(2.9414565 1 0.1)
(2.993061 1 0.1)
(3.0446655 1 0.1)
(3.09627 1 0.1)
(3.1478745 1 0.1)
(3.199479 1 0.1)
(3.2510835 1 0.1)
(3.302688 1 0.1)
(3.3542925 1 0.1)
(3.405897 1 0.1)
(3.4575015 1 0.1)
(3.509106 1 0.1)
(3.5607105 1 0.1)
(3.612315 1 0.1)
(3.6639195 1 0.1)
(3.715524 1 0.1)
(3.7671285 1 0.1)
(3.818733 1 0.1)
(3.8703375 1 0.1)
(3.921942 1 0.1)
(3.9735465 1 0.1)
(4.025151 1 0.1)
(4.0767555 1 0.1)
(4.12836 1 0.1)
)


// ************************************************************************* //
