/*--------------------------------*- C++ -*----------------------------------*\
| =========                 |                                                 |
| \\      /  F ield         | OpenFOAM: The Open Source CFD Toolbox           |
|  \\    /   O peration     | Version:  1.4.1                                 |
|   \\  /    A nd           | Web:      http://www.openfoam.org               |
|    \\/     M anipulation  |                                                 |
\*---------------------------------------------------------------------------*/

FoamFile
{
    version 2.0;
    format ascii;

    root "/home/elisa/TESI/VALIDAZIONE/SHOCK";
    case "TEST_SonicFoam";
    instance "constant";
    local "polyMesh";

    class faceList;
    object faces;
}

// * * * * * * * * * * * * * * * * * * * * * * * * * * * * * * * * * * * * * //


1650
(
4(1 42 493 452)
4(41 492 493 42)
4(2 43 494 453)
4(42 493 494 43)
4(3 44 495 454)
4(43 494 495 44)
4(4 45 496 455)
4(44 495 496 45)
4(5 46 497 456)
4(45 496 497 46)
4(6 47 498 457)
4(46 497 498 47)
4(7 48 499 458)
4(47 498 499 48)
4(8 49 500 459)
4(48 499 500 49)
4(9 50 501 460)
4(49 500 501 50)
4(10 51 502 461)
4(50 501 502 51)
4(11 52 503 462)
4(51 502 503 52)
4(12 53 504 463)
4(52 503 504 53)
4(13 54 505 464)
4(53 504 505 54)
4(14 55 506 465)
4(54 505 506 55)
4(15 56 507 466)
4(55 506 507 56)
4(16 57 508 467)
4(56 507 508 57)
4(17 58 509 468)
4(57 508 509 58)
4(18 59 510 469)
4(58 509 510 59)
4(19 60 511 470)
4(59 510 511 60)
4(20 61 512 471)
4(60 511 512 61)
4(21 62 513 472)
4(61 512 513 62)
4(22 63 514 473)
4(62 513 514 63)
4(23 64 515 474)
4(63 514 515 64)
4(24 65 516 475)
4(64 515 516 65)
4(25 66 517 476)
4(65 516 517 66)
4(26 67 518 477)
4(66 517 518 67)
4(27 68 519 478)
4(67 518 519 68)
4(28 69 520 479)
4(68 519 520 69)
4(29 70 521 480)
4(69 520 521 70)
4(30 71 522 481)
4(70 521 522 71)
4(31 72 523 482)
4(71 522 523 72)
4(32 73 524 483)
4(72 523 524 73)
4(33 74 525 484)
4(73 524 525 74)
4(34 75 526 485)
4(74 525 526 75)
4(35 76 527 486)
4(75 526 527 76)
4(36 77 528 487)
4(76 527 528 77)
4(37 78 529 488)
4(77 528 529 78)
4(38 79 530 489)
4(78 529 530 79)
4(39 80 531 490)
4(79 530 531 80)
4(80 531 532 81)
4(42 83 534 493)
4(82 533 534 83)
4(43 84 535 494)
4(83 534 535 84)
4(44 85 536 495)
4(84 535 536 85)
4(45 86 537 496)
4(85 536 537 86)
4(46 87 538 497)
4(86 537 538 87)
4(47 88 539 498)
4(87 538 539 88)
4(48 89 540 499)
4(88 539 540 89)
4(49 90 541 500)
4(89 540 541 90)
4(50 91 542 501)
4(90 541 542 91)
4(51 92 543 502)
4(91 542 543 92)
4(52 93 544 503)
4(92 543 544 93)
4(53 94 545 504)
4(93 544 545 94)
4(54 95 546 505)
4(94 545 546 95)
4(55 96 547 506)
4(95 546 547 96)
4(56 97 548 507)
4(96 547 548 97)
4(57 98 549 508)
4(97 548 549 98)
4(58 99 550 509)
4(98 549 550 99)
4(59 100 551 510)
4(99 550 551 100)
4(60 101 552 511)
4(100 551 552 101)
4(61 102 553 512)
4(101 552 553 102)
4(62 103 554 513)
4(102 553 554 103)
4(63 104 555 514)
4(103 554 555 104)
4(64 105 556 515)
4(104 555 556 105)
4(65 106 557 516)
4(105 556 557 106)
4(66 107 558 517)
4(106 557 558 107)
4(67 108 559 518)
4(107 558 559 108)
4(68 109 560 519)
4(108 559 560 109)
4(69 110 561 520)
4(109 560 561 110)
4(70 111 562 521)
4(110 561 562 111)
4(71 112 563 522)
4(111 562 563 112)
4(72 113 564 523)
4(112 563 564 113)
4(73 114 565 524)
4(113 564 565 114)
4(74 115 566 525)
4(114 565 566 115)
4(75 116 567 526)
4(115 566 567 116)
4(76 117 568 527)
4(116 567 568 117)
4(77 118 569 528)
4(117 568 569 118)
4(78 119 570 529)
4(118 569 570 119)
4(79 120 571 530)
4(119 570 571 120)
4(80 121 572 531)
4(120 571 572 121)
4(121 572 573 122)
4(83 124 575 534)
4(123 574 575 124)
4(84 125 576 535)
4(124 575 576 125)
4(85 126 577 536)
4(125 576 577 126)
4(86 127 578 537)
4(126 577 578 127)
4(87 128 579 538)
4(127 578 579 128)
4(88 129 580 539)
4(128 579 580 129)
4(89 130 581 540)
4(129 580 581 130)
4(90 131 582 541)
4(130 581 582 131)
4(91 132 583 542)
4(131 582 583 132)
4(92 133 584 543)
4(132 583 584 133)
4(93 134 585 544)
4(133 584 585 134)
4(94 135 586 545)
4(134 585 586 135)
4(95 136 587 546)
4(135 586 587 136)
4(96 137 588 547)
4(136 587 588 137)
4(97 138 589 548)
4(137 588 589 138)
4(98 139 590 549)
4(138 589 590 139)
4(99 140 591 550)
4(139 590 591 140)
4(100 141 592 551)
4(140 591 592 141)
4(101 142 593 552)
4(141 592 593 142)
4(102 143 594 553)
4(142 593 594 143)
4(103 144 595 554)
4(143 594 595 144)
4(104 145 596 555)
4(144 595 596 145)
4(105 146 597 556)
4(145 596 597 146)
4(106 147 598 557)
4(146 597 598 147)
4(107 148 599 558)
4(147 598 599 148)
4(108 149 600 559)
4(148 599 600 149)
4(109 150 601 560)
4(149 600 601 150)
4(110 151 602 561)
4(150 601 602 151)
4(111 152 603 562)
4(151 602 603 152)
4(112 153 604 563)
4(152 603 604 153)
4(113 154 605 564)
4(153 604 605 154)
4(114 155 606 565)
4(154 605 606 155)
4(115 156 607 566)
4(155 606 607 156)
4(116 157 608 567)
4(156 607 608 157)
4(117 158 609 568)
4(157 608 609 158)
4(118 159 610 569)
4(158 609 610 159)
4(119 160 611 570)
4(159 610 611 160)
4(120 161 612 571)
4(160 611 612 161)
4(121 162 613 572)
4(161 612 613 162)
4(162 613 614 163)
4(124 165 616 575)
4(164 615 616 165)
4(125 166 617 576)
4(165 616 617 166)
4(126 167 618 577)
4(166 617 618 167)
4(127 168 619 578)
4(167 618 619 168)
4(128 169 620 579)
4(168 619 620 169)
4(129 170 621 580)
4(169 620 621 170)
4(130 171 622 581)
4(170 621 622 171)
4(131 172 623 582)
4(171 622 623 172)
4(132 173 624 583)
4(172 623 624 173)
4(133 174 625 584)
4(173 624 625 174)
4(134 175 626 585)
4(174 625 626 175)
4(135 176 627 586)
4(175 626 627 176)
4(136 177 628 587)
4(176 627 628 177)
4(137 178 629 588)
4(177 628 629 178)
4(138 179 630 589)
4(178 629 630 179)
4(139 180 631 590)
4(179 630 631 180)
4(140 181 632 591)
4(180 631 632 181)
4(141 182 633 592)
4(181 632 633 182)
4(142 183 634 593)
4(182 633 634 183)
4(143 184 635 594)
4(183 634 635 184)
4(144 185 636 595)
4(184 635 636 185)
4(145 186 637 596)
4(185 636 637 186)
4(146 187 638 597)
4(186 637 638 187)
4(147 188 639 598)
4(187 638 639 188)
4(148 189 640 599)
4(188 639 640 189)
4(149 190 641 600)
4(189 640 641 190)
4(150 191 642 601)
4(190 641 642 191)
4(151 192 643 602)
4(191 642 643 192)
4(152 193 644 603)
4(192 643 644 193)
4(153 194 645 604)
4(193 644 645 194)
4(154 195 646 605)
4(194 645 646 195)
4(155 196 647 606)
4(195 646 647 196)
4(156 197 648 607)
4(196 647 648 197)
4(157 198 649 608)
4(197 648 649 198)
4(158 199 650 609)
4(198 649 650 199)
4(159 200 651 610)
4(199 650 651 200)
4(160 201 652 611)
4(200 651 652 201)
4(161 202 653 612)
4(201 652 653 202)
4(162 203 654 613)
4(202 653 654 203)
4(203 654 655 204)
4(165 206 657 616)
4(205 656 657 206)
4(166 207 658 617)
4(206 657 658 207)
4(167 208 659 618)
4(207 658 659 208)
4(168 209 660 619)
4(208 659 660 209)
4(169 210 661 620)
4(209 660 661 210)
4(170 211 662 621)
4(210 661 662 211)
4(171 212 663 622)
4(211 662 663 212)
4(172 213 664 623)
4(212 663 664 213)
4(173 214 665 624)
4(213 664 665 214)
4(174 215 666 625)
4(214 665 666 215)
4(175 216 667 626)
4(215 666 667 216)
4(176 217 668 627)
4(216 667 668 217)
4(177 218 669 628)
4(217 668 669 218)
4(178 219 670 629)
4(218 669 670 219)
4(179 220 671 630)
4(219 670 671 220)
4(180 221 672 631)
4(220 671 672 221)
4(181 222 673 632)
4(221 672 673 222)
4(182 223 674 633)
4(222 673 674 223)
4(183 224 675 634)
4(223 674 675 224)
4(184 225 676 635)
4(224 675 676 225)
4(185 226 677 636)
4(225 676 677 226)
4(186 227 678 637)
4(226 677 678 227)
4(187 228 679 638)
4(227 678 679 228)
4(188 229 680 639)
4(228 679 680 229)
4(189 230 681 640)
4(229 680 681 230)
4(190 231 682 641)
4(230 681 682 231)
4(191 232 683 642)
4(231 682 683 232)
4(192 233 684 643)
4(232 683 684 233)
4(193 234 685 644)
4(233 684 685 234)
4(194 235 686 645)
4(234 685 686 235)
4(195 236 687 646)
4(235 686 687 236)
4(196 237 688 647)
4(236 687 688 237)
4(197 238 689 648)
4(237 688 689 238)
4(198 239 690 649)
4(238 689 690 239)
4(199 240 691 650)
4(239 690 691 240)
4(200 241 692 651)
4(240 691 692 241)
4(201 242 693 652)
4(241 692 693 242)
4(202 243 694 653)
4(242 693 694 243)
4(203 244 695 654)
4(243 694 695 244)
4(244 695 696 245)
4(206 247 698 657)
4(246 697 698 247)
4(207 248 699 658)
4(247 698 699 248)
4(208 249 700 659)
4(248 699 700 249)
4(209 250 701 660)
4(249 700 701 250)
4(210 251 702 661)
4(250 701 702 251)
4(211 252 703 662)
4(251 702 703 252)
4(212 253 704 663)
4(252 703 704 253)
4(213 254 705 664)
4(253 704 705 254)
4(214 255 706 665)
4(254 705 706 255)
4(215 256 707 666)
4(255 706 707 256)
4(216 257 708 667)
4(256 707 708 257)
4(217 258 709 668)
4(257 708 709 258)
4(218 259 710 669)
4(258 709 710 259)
4(219 260 711 670)
4(259 710 711 260)
4(220 261 712 671)
4(260 711 712 261)
4(221 262 713 672)
4(261 712 713 262)
4(222 263 714 673)
4(262 713 714 263)
4(223 264 715 674)
4(263 714 715 264)
4(224 265 716 675)
4(264 715 716 265)
4(225 266 717 676)
4(265 716 717 266)
4(226 267 718 677)
4(266 717 718 267)
4(227 268 719 678)
4(267 718 719 268)
4(228 269 720 679)
4(268 719 720 269)
4(229 270 721 680)
4(269 720 721 270)
4(230 271 722 681)
4(270 721 722 271)
4(231 272 723 682)
4(271 722 723 272)
4(232 273 724 683)
4(272 723 724 273)
4(233 274 725 684)
4(273 724 725 274)
4(234 275 726 685)
4(274 725 726 275)
4(235 276 727 686)
4(275 726 727 276)
4(236 277 728 687)
4(276 727 728 277)
4(237 278 729 688)
4(277 728 729 278)
4(238 279 730 689)
4(278 729 730 279)
4(239 280 731 690)
4(279 730 731 280)
4(240 281 732 691)
4(280 731 732 281)
4(241 282 733 692)
4(281 732 733 282)
4(242 283 734 693)
4(282 733 734 283)
4(243 284 735 694)
4(283 734 735 284)
4(244 285 736 695)
4(284 735 736 285)
4(285 736 737 286)
4(247 288 739 698)
4(287 738 739 288)
4(248 289 740 699)
4(288 739 740 289)
4(249 290 741 700)
4(289 740 741 290)
4(250 291 742 701)
4(290 741 742 291)
4(251 292 743 702)
4(291 742 743 292)
4(252 293 744 703)
4(292 743 744 293)
4(253 294 745 704)
4(293 744 745 294)
4(254 295 746 705)
4(294 745 746 295)
4(255 296 747 706)
4(295 746 747 296)
4(256 297 748 707)
4(296 747 748 297)
4(257 298 749 708)
4(297 748 749 298)
4(258 299 750 709)
4(298 749 750 299)
4(259 300 751 710)
4(299 750 751 300)
4(260 301 752 711)
4(300 751 752 301)
4(261 302 753 712)
4(301 752 753 302)
4(262 303 754 713)
4(302 753 754 303)
4(263 304 755 714)
4(303 754 755 304)
4(264 305 756 715)
4(304 755 756 305)
4(265 306 757 716)
4(305 756 757 306)
4(266 307 758 717)
4(306 757 758 307)
4(267 308 759 718)
4(307 758 759 308)
4(268 309 760 719)
4(308 759 760 309)
4(269 310 761 720)
4(309 760 761 310)
4(270 311 762 721)
4(310 761 762 311)
4(271 312 763 722)
4(311 762 763 312)
4(272 313 764 723)
4(312 763 764 313)
4(273 314 765 724)
4(313 764 765 314)
4(274 315 766 725)
4(314 765 766 315)
4(275 316 767 726)
4(315 766 767 316)
4(276 317 768 727)
4(316 767 768 317)
4(277 318 769 728)
4(317 768 769 318)
4(278 319 770 729)
4(318 769 770 319)
4(279 320 771 730)
4(319 770 771 320)
4(280 321 772 731)
4(320 771 772 321)
4(281 322 773 732)
4(321 772 773 322)
4(282 323 774 733)
4(322 773 774 323)
4(283 324 775 734)
4(323 774 775 324)
4(284 325 776 735)
4(324 775 776 325)
4(285 326 777 736)
4(325 776 777 326)
4(326 777 778 327)
4(288 329 780 739)
4(328 779 780 329)
4(289 330 781 740)
4(329 780 781 330)
4(290 331 782 741)
4(330 781 782 331)
4(291 332 783 742)
4(331 782 783 332)
4(292 333 784 743)
4(332 783 784 333)
4(293 334 785 744)
4(333 784 785 334)
4(294 335 786 745)
4(334 785 786 335)
4(295 336 787 746)
4(335 786 787 336)
4(296 337 788 747)
4(336 787 788 337)
4(297 338 789 748)
4(337 788 789 338)
4(298 339 790 749)
4(338 789 790 339)
4(299 340 791 750)
4(339 790 791 340)
4(300 341 792 751)
4(340 791 792 341)
4(301 342 793 752)
4(341 792 793 342)
4(302 343 794 753)
4(342 793 794 343)
4(303 344 795 754)
4(343 794 795 344)
4(304 345 796 755)
4(344 795 796 345)
4(305 346 797 756)
4(345 796 797 346)
4(306 347 798 757)
4(346 797 798 347)
4(307 348 799 758)
4(347 798 799 348)
4(308 349 800 759)
4(348 799 800 349)
4(309 350 801 760)
4(349 800 801 350)
4(310 351 802 761)
4(350 801 802 351)
4(311 352 803 762)
4(351 802 803 352)
4(312 353 804 763)
4(352 803 804 353)
4(313 354 805 764)
4(353 804 805 354)
4(314 355 806 765)
4(354 805 806 355)
4(315 356 807 766)
4(355 806 807 356)
4(316 357 808 767)
4(356 807 808 357)
4(317 358 809 768)
4(357 808 809 358)
4(318 359 810 769)
4(358 809 810 359)
4(319 360 811 770)
4(359 810 811 360)
4(320 361 812 771)
4(360 811 812 361)
4(321 362 813 772)
4(361 812 813 362)
4(322 363 814 773)
4(362 813 814 363)
4(323 364 815 774)
4(363 814 815 364)
4(324 365 816 775)
4(364 815 816 365)
4(325 366 817 776)
4(365 816 817 366)
4(326 367 818 777)
4(366 817 818 367)
4(367 818 819 368)
4(329 370 821 780)
4(369 820 821 370)
4(330 371 822 781)
4(370 821 822 371)
4(331 372 823 782)
4(371 822 823 372)
4(332 373 824 783)
4(372 823 824 373)
4(333 374 825 784)
4(373 824 825 374)
4(334 375 826 785)
4(374 825 826 375)
4(335 376 827 786)
4(375 826 827 376)
4(336 377 828 787)
4(376 827 828 377)
4(337 378 829 788)
4(377 828 829 378)
4(338 379 830 789)
4(378 829 830 379)
4(339 380 831 790)
4(379 830 831 380)
4(340 381 832 791)
4(380 831 832 381)
4(341 382 833 792)
4(381 832 833 382)
4(342 383 834 793)
4(382 833 834 383)
4(343 384 835 794)
4(383 834 835 384)
4(344 385 836 795)
4(384 835 836 385)
4(345 386 837 796)
4(385 836 837 386)
4(346 387 838 797)
4(386 837 838 387)
4(347 388 839 798)
4(387 838 839 388)
4(348 389 840 799)
4(388 839 840 389)
4(349 390 841 800)
4(389 840 841 390)
4(350 391 842 801)
4(390 841 842 391)
4(351 392 843 802)
4(391 842 843 392)
4(352 393 844 803)
4(392 843 844 393)
4(353 394 845 804)
4(393 844 845 394)
4(354 395 846 805)
4(394 845 846 395)
4(355 396 847 806)
4(395 846 847 396)
4(356 397 848 807)
4(396 847 848 397)
4(357 398 849 808)
4(397 848 849 398)
4(358 399 850 809)
4(398 849 850 399)
4(359 400 851 810)
4(399 850 851 400)
4(360 401 852 811)
4(400 851 852 401)
4(361 402 853 812)
4(401 852 853 402)
4(362 403 854 813)
4(402 853 854 403)
4(363 404 855 814)
4(403 854 855 404)
4(364 405 856 815)
4(404 855 856 405)
4(365 406 857 816)
4(405 856 857 406)
4(366 407 858 817)
4(406 857 858 407)
4(367 408 859 818)
4(407 858 859 408)
4(408 859 860 409)
4(370 411 862 821)
4(371 412 863 822)
4(372 413 864 823)
4(373 414 865 824)
4(374 415 866 825)
4(375 416 867 826)
4(376 417 868 827)
4(377 418 869 828)
4(378 419 870 829)
4(379 420 871 830)
4(380 421 872 831)
4(381 422 873 832)
4(382 423 874 833)
4(383 424 875 834)
4(384 425 876 835)
4(385 426 877 836)
4(386 427 878 837)
4(387 428 879 838)
4(388 429 880 839)
4(389 430 881 840)
4(390 431 882 841)
4(391 432 883 842)
4(392 433 884 843)
4(393 434 885 844)
4(394 435 886 845)
4(395 436 887 846)
4(396 437 888 847)
4(397 438 889 848)
4(398 439 890 849)
4(399 440 891 850)
4(400 441 892 851)
4(401 442 893 852)
4(402 443 894 853)
4(403 444 895 854)
4(404 445 896 855)
4(405 446 897 856)
4(406 447 898 857)
4(407 448 899 858)
4(408 449 900 859)
4(0 451 492 41)
4(41 492 533 82)
4(82 533 574 123)
4(123 574 615 164)
4(164 615 656 205)
4(205 656 697 246)
4(246 697 738 287)
4(287 738 779 328)
4(328 779 820 369)
4(369 820 861 410)
4(40 81 532 491)
4(81 122 573 532)
4(122 163 614 573)
4(163 204 655 614)
4(204 245 696 655)
4(245 286 737 696)
4(286 327 778 737)
4(327 368 819 778)
4(368 409 860 819)
4(409 450 901 860)
4(0 1 452 451)
4(1 2 453 452)
4(2 3 454 453)
4(3 4 455 454)
4(4 5 456 455)
4(5 6 457 456)
4(6 7 458 457)
4(7 8 459 458)
4(8 9 460 459)
4(9 10 461 460)
4(10 11 462 461)
4(11 12 463 462)
4(12 13 464 463)
4(13 14 465 464)
4(14 15 466 465)
4(15 16 467 466)
4(16 17 468 467)
4(17 18 469 468)
4(18 19 470 469)
4(19 20 471 470)
4(20 21 472 471)
4(21 22 473 472)
4(22 23 474 473)
4(23 24 475 474)
4(24 25 476 475)
4(25 26 477 476)
4(26 27 478 477)
4(27 28 479 478)
4(28 29 480 479)
4(29 30 481 480)
4(30 31 482 481)
4(31 32 483 482)
4(32 33 484 483)
4(33 34 485 484)
4(34 35 486 485)
4(35 36 487 486)
4(36 37 488 487)
4(37 38 489 488)
4(38 39 490 489)
4(39 40 491 490)
4(410 861 862 411)
4(411 862 863 412)
4(412 863 864 413)
4(413 864 865 414)
4(414 865 866 415)
4(415 866 867 416)
4(416 867 868 417)
4(417 868 869 418)
4(418 869 870 419)
4(419 870 871 420)
4(420 871 872 421)
4(421 872 873 422)
4(422 873 874 423)
4(423 874 875 424)
4(424 875 876 425)
4(425 876 877 426)
4(426 877 878 427)
4(427 878 879 428)
4(428 879 880 429)
4(429 880 881 430)
4(430 881 882 431)
4(431 882 883 432)
4(432 883 884 433)
4(433 884 885 434)
4(434 885 886 435)
4(435 886 887 436)
4(436 887 888 437)
4(437 888 889 438)
4(438 889 890 439)
4(439 890 891 440)
4(440 891 892 441)
4(441 892 893 442)
4(442 893 894 443)
4(443 894 895 444)
4(444 895 896 445)
4(445 896 897 446)
4(446 897 898 447)
4(447 898 899 448)
4(448 899 900 449)
4(449 900 901 450)
4(0 41 42 1)
4(41 82 83 42)
4(82 123 124 83)
4(123 164 165 124)
4(164 205 206 165)
4(205 246 247 206)
4(246 287 288 247)
4(287 328 329 288)
4(328 369 370 329)
4(369 410 411 370)
4(1 42 43 2)
4(42 83 84 43)
4(83 124 125 84)
4(124 165 166 125)
4(165 206 207 166)
4(206 247 248 207)
4(247 288 289 248)
4(288 329 330 289)
4(329 370 371 330)
4(370 411 412 371)
4(2 43 44 3)
4(43 84 85 44)
4(84 125 126 85)
4(125 166 167 126)
4(166 207 208 167)
4(207 248 249 208)
4(248 289 290 249)
4(289 330 331 290)
4(330 371 372 331)
4(371 412 413 372)
4(3 44 45 4)
4(44 85 86 45)
4(85 126 127 86)
4(126 167 168 127)
4(167 208 209 168)
4(208 249 250 209)
4(249 290 291 250)
4(290 331 332 291)
4(331 372 373 332)
4(372 413 414 373)
4(4 45 46 5)
4(45 86 87 46)
4(86 127 128 87)
4(127 168 169 128)
4(168 209 210 169)
4(209 250 251 210)
4(250 291 292 251)
4(291 332 333 292)
4(332 373 374 333)
4(373 414 415 374)
4(5 46 47 6)
4(46 87 88 47)
4(87 128 129 88)
4(128 169 170 129)
4(169 210 211 170)
4(210 251 252 211)
4(251 292 293 252)
4(292 333 334 293)
4(333 374 375 334)
4(374 415 416 375)
4(6 47 48 7)
4(47 88 89 48)
4(88 129 130 89)
4(129 170 171 130)
4(170 211 212 171)
4(211 252 253 212)
4(252 293 294 253)
4(293 334 335 294)
4(334 375 376 335)
4(375 416 417 376)
4(7 48 49 8)
4(48 89 90 49)
4(89 130 131 90)
4(130 171 172 131)
4(171 212 213 172)
4(212 253 254 213)
4(253 294 295 254)
4(294 335 336 295)
4(335 376 377 336)
4(376 417 418 377)
4(8 49 50 9)
4(49 90 91 50)
4(90 131 132 91)
4(131 172 173 132)
4(172 213 214 173)
4(213 254 255 214)
4(254 295 296 255)
4(295 336 337 296)
4(336 377 378 337)
4(377 418 419 378)
4(9 50 51 10)
4(50 91 92 51)
4(91 132 133 92)
4(132 173 174 133)
4(173 214 215 174)
4(214 255 256 215)
4(255 296 297 256)
4(296 337 338 297)
4(337 378 379 338)
4(378 419 420 379)
4(10 51 52 11)
4(51 92 93 52)
4(92 133 134 93)
4(133 174 175 134)
4(174 215 216 175)
4(215 256 257 216)
4(256 297 298 257)
4(297 338 339 298)
4(338 379 380 339)
4(379 420 421 380)
4(11 52 53 12)
4(52 93 94 53)
4(93 134 135 94)
4(134 175 176 135)
4(175 216 217 176)
4(216 257 258 217)
4(257 298 299 258)
4(298 339 340 299)
4(339 380 381 340)
4(380 421 422 381)
4(12 53 54 13)
4(53 94 95 54)
4(94 135 136 95)
4(135 176 177 136)
4(176 217 218 177)
4(217 258 259 218)
4(258 299 300 259)
4(299 340 341 300)
4(340 381 382 341)
4(381 422 423 382)
4(13 54 55 14)
4(54 95 96 55)
4(95 136 137 96)
4(136 177 178 137)
4(177 218 219 178)
4(218 259 260 219)
4(259 300 301 260)
4(300 341 342 301)
4(341 382 383 342)
4(382 423 424 383)
4(14 55 56 15)
4(55 96 97 56)
4(96 137 138 97)
4(137 178 179 138)
4(178 219 220 179)
4(219 260 261 220)
4(260 301 302 261)
4(301 342 343 302)
4(342 383 384 343)
4(383 424 425 384)
4(15 56 57 16)
4(56 97 98 57)
4(97 138 139 98)
4(138 179 180 139)
4(179 220 221 180)
4(220 261 262 221)
4(261 302 303 262)
4(302 343 344 303)
4(343 384 385 344)
4(384 425 426 385)
4(16 57 58 17)
4(57 98 99 58)
4(98 139 140 99)
4(139 180 181 140)
4(180 221 222 181)
4(221 262 263 222)
4(262 303 304 263)
4(303 344 345 304)
4(344 385 386 345)
4(385 426 427 386)
4(17 58 59 18)
4(58 99 100 59)
4(99 140 141 100)
4(140 181 182 141)
4(181 222 223 182)
4(222 263 264 223)
4(263 304 305 264)
4(304 345 346 305)
4(345 386 387 346)
4(386 427 428 387)
4(18 59 60 19)
4(59 100 101 60)
4(100 141 142 101)
4(141 182 183 142)
4(182 223 224 183)
4(223 264 265 224)
4(264 305 306 265)
4(305 346 347 306)
4(346 387 388 347)
4(387 428 429 388)
4(19 60 61 20)
4(60 101 102 61)
4(101 142 143 102)
4(142 183 184 143)
4(183 224 225 184)
4(224 265 266 225)
4(265 306 307 266)
4(306 347 348 307)
4(347 388 389 348)
4(388 429 430 389)
4(20 61 62 21)
4(61 102 103 62)
4(102 143 144 103)
4(143 184 185 144)
4(184 225 226 185)
4(225 266 267 226)
4(266 307 308 267)
4(307 348 349 308)
4(348 389 390 349)
4(389 430 431 390)
4(21 62 63 22)
4(62 103 104 63)
4(103 144 145 104)
4(144 185 186 145)
4(185 226 227 186)
4(226 267 268 227)
4(267 308 309 268)
4(308 349 350 309)
4(349 390 391 350)
4(390 431 432 391)
4(22 63 64 23)
4(63 104 105 64)
4(104 145 146 105)
4(145 186 187 146)
4(186 227 228 187)
4(227 268 269 228)
4(268 309 310 269)
4(309 350 351 310)
4(350 391 392 351)
4(391 432 433 392)
4(23 64 65 24)
4(64 105 106 65)
4(105 146 147 106)
4(146 187 188 147)
4(187 228 229 188)
4(228 269 270 229)
4(269 310 311 270)
4(310 351 352 311)
4(351 392 393 352)
4(392 433 434 393)
4(24 65 66 25)
4(65 106 107 66)
4(106 147 148 107)
4(147 188 189 148)
4(188 229 230 189)
4(229 270 271 230)
4(270 311 312 271)
4(311 352 353 312)
4(352 393 394 353)
4(393 434 435 394)
4(25 66 67 26)
4(66 107 108 67)
4(107 148 149 108)
4(148 189 190 149)
4(189 230 231 190)
4(230 271 272 231)
4(271 312 313 272)
4(312 353 354 313)
4(353 394 395 354)
4(394 435 436 395)
4(26 67 68 27)
4(67 108 109 68)
4(108 149 150 109)
4(149 190 191 150)
4(190 231 232 191)
4(231 272 273 232)
4(272 313 314 273)
4(313 354 355 314)
4(354 395 396 355)
4(395 436 437 396)
4(27 68 69 28)
4(68 109 110 69)
4(109 150 151 110)
4(150 191 192 151)
4(191 232 233 192)
4(232 273 274 233)
4(273 314 315 274)
4(314 355 356 315)
4(355 396 397 356)
4(396 437 438 397)
4(28 69 70 29)
4(69 110 111 70)
4(110 151 152 111)
4(151 192 193 152)
4(192 233 234 193)
4(233 274 275 234)
4(274 315 316 275)
4(315 356 357 316)
4(356 397 398 357)
4(397 438 439 398)
4(29 70 71 30)
4(70 111 112 71)
4(111 152 153 112)
4(152 193 194 153)
4(193 234 235 194)
4(234 275 276 235)
4(275 316 317 276)
4(316 357 358 317)
4(357 398 399 358)
4(398 439 440 399)
4(30 71 72 31)
4(71 112 113 72)
4(112 153 154 113)
4(153 194 195 154)
4(194 235 236 195)
4(235 276 277 236)
4(276 317 318 277)
4(317 358 359 318)
4(358 399 400 359)
4(399 440 441 400)
4(31 72 73 32)
4(72 113 114 73)
4(113 154 155 114)
4(154 195 196 155)
4(195 236 237 196)
4(236 277 278 237)
4(277 318 319 278)
4(318 359 360 319)
4(359 400 401 360)
4(400 441 442 401)
4(32 73 74 33)
4(73 114 115 74)
4(114 155 156 115)
4(155 196 197 156)
4(196 237 238 197)
4(237 278 279 238)
4(278 319 320 279)
4(319 360 361 320)
4(360 401 402 361)
4(401 442 443 402)
4(33 74 75 34)
4(74 115 116 75)
4(115 156 157 116)
4(156 197 198 157)
4(197 238 239 198)
4(238 279 280 239)
4(279 320 321 280)
4(320 361 362 321)
4(361 402 403 362)
4(402 443 444 403)
4(34 75 76 35)
4(75 116 117 76)
4(116 157 158 117)
4(157 198 199 158)
4(198 239 240 199)
4(239 280 281 240)
4(280 321 322 281)
4(321 362 363 322)
4(362 403 404 363)
4(403 444 445 404)
4(35 76 77 36)
4(76 117 118 77)
4(117 158 159 118)
4(158 199 200 159)
4(199 240 241 200)
4(240 281 282 241)
4(281 322 323 282)
4(322 363 364 323)
4(363 404 405 364)
4(404 445 446 405)
4(36 77 78 37)
4(77 118 119 78)
4(118 159 160 119)
4(159 200 201 160)
4(200 241 242 201)
4(241 282 283 242)
4(282 323 324 283)
4(323 364 365 324)
4(364 405 406 365)
4(405 446 447 406)
4(37 78 79 38)
4(78 119 120 79)
4(119 160 161 120)
4(160 201 202 161)
4(201 242 243 202)
4(242 283 284 243)
4(283 324 325 284)
4(324 365 366 325)
4(365 406 407 366)
4(406 447 448 407)
4(38 79 80 39)
4(79 120 121 80)
4(120 161 162 121)
4(161 202 203 162)
4(202 243 244 203)
4(243 284 285 244)
4(284 325 326 285)
4(325 366 367 326)
4(366 407 408 367)
4(407 448 449 408)
4(39 80 81 40)
4(80 121 122 81)
4(121 162 163 122)
4(162 203 204 163)
4(203 244 245 204)
4(244 285 286 245)
4(285 326 327 286)
4(326 367 368 327)
4(367 408 409 368)
4(408 449 450 409)
4(451 452 493 492)
4(492 493 534 533)
4(533 534 575 574)
4(574 575 616 615)
4(615 616 657 656)
4(656 657 698 697)
4(697 698 739 738)
4(738 739 780 779)
4(779 780 821 820)
4(820 821 862 861)
4(452 453 494 493)
4(493 494 535 534)
4(534 535 576 575)
4(575 576 617 616)
4(616 617 658 657)
4(657 658 699 698)
4(698 699 740 739)
4(739 740 781 780)
4(780 781 822 821)
4(821 822 863 862)
4(453 454 495 494)
4(494 495 536 535)
4(535 536 577 576)
4(576 577 618 617)
4(617 618 659 658)
4(658 659 700 699)
4(699 700 741 740)
4(740 741 782 781)
4(781 782 823 822)
4(822 823 864 863)
4(454 455 496 495)
4(495 496 537 536)
4(536 537 578 577)
4(577 578 619 618)
4(618 619 660 659)
4(659 660 701 700)
4(700 701 742 741)
4(741 742 783 782)
4(782 783 824 823)
4(823 824 865 864)
4(455 456 497 496)
4(496 497 538 537)
4(537 538 579 578)
4(578 579 620 619)
4(619 620 661 660)
4(660 661 702 701)
4(701 702 743 742)
4(742 743 784 783)
4(783 784 825 824)
4(824 825 866 865)
4(456 457 498 497)
4(497 498 539 538)
4(538 539 580 579)
4(579 580 621 620)
4(620 621 662 661)
4(661 662 703 702)
4(702 703 744 743)
4(743 744 785 784)
4(784 785 826 825)
4(825 826 867 866)
4(457 458 499 498)
4(498 499 540 539)
4(539 540 581 580)
4(580 581 622 621)
4(621 622 663 662)
4(662 663 704 703)
4(703 704 745 744)
4(744 745 786 785)
4(785 786 827 826)
4(826 827 868 867)
4(458 459 500 499)
4(499 500 541 540)
4(540 541 582 581)
4(581 582 623 622)
4(622 623 664 663)
4(663 664 705 704)
4(704 705 746 745)
4(745 746 787 786)
4(786 787 828 827)
4(827 828 869 868)
4(459 460 501 500)
4(500 501 542 541)
4(541 542 583 582)
4(582 583 624 623)
4(623 624 665 664)
4(664 665 706 705)
4(705 706 747 746)
4(746 747 788 787)
4(787 788 829 828)
4(828 829 870 869)
4(460 461 502 501)
4(501 502 543 542)
4(542 543 584 583)
4(583 584 625 624)
4(624 625 666 665)
4(665 666 707 706)
4(706 707 748 747)
4(747 748 789 788)
4(788 789 830 829)
4(829 830 871 870)
4(461 462 503 502)
4(502 503 544 543)
4(543 544 585 584)
4(584 585 626 625)
4(625 626 667 666)
4(666 667 708 707)
4(707 708 749 748)
4(748 749 790 789)
4(789 790 831 830)
4(830 831 872 871)
4(462 463 504 503)
4(503 504 545 544)
4(544 545 586 585)
4(585 586 627 626)
4(626 627 668 667)
4(667 668 709 708)
4(708 709 750 749)
4(749 750 791 790)
4(790 791 832 831)
4(831 832 873 872)
4(463 464 505 504)
4(504 505 546 545)
4(545 546 587 586)
4(586 587 628 627)
4(627 628 669 668)
4(668 669 710 709)
4(709 710 751 750)
4(750 751 792 791)
4(791 792 833 832)
4(832 833 874 873)
4(464 465 506 505)
4(505 506 547 546)
4(546 547 588 587)
4(587 588 629 628)
4(628 629 670 669)
4(669 670 711 710)
4(710 711 752 751)
4(751 752 793 792)
4(792 793 834 833)
4(833 834 875 874)
4(465 466 507 506)
4(506 507 548 547)
4(547 548 589 588)
4(588 589 630 629)
4(629 630 671 670)
4(670 671 712 711)
4(711 712 753 752)
4(752 753 794 793)
4(793 794 835 834)
4(834 835 876 875)
4(466 467 508 507)
4(507 508 549 548)
4(548 549 590 589)
4(589 590 631 630)
4(630 631 672 671)
4(671 672 713 712)
4(712 713 754 753)
4(753 754 795 794)
4(794 795 836 835)
4(835 836 877 876)
4(467 468 509 508)
4(508 509 550 549)
4(549 550 591 590)
4(590 591 632 631)
4(631 632 673 672)
4(672 673 714 713)
4(713 714 755 754)
4(754 755 796 795)
4(795 796 837 836)
4(836 837 878 877)
4(468 469 510 509)
4(509 510 551 550)
4(550 551 592 591)
4(591 592 633 632)
4(632 633 674 673)
4(673 674 715 714)
4(714 715 756 755)
4(755 756 797 796)
4(796 797 838 837)
4(837 838 879 878)
4(469 470 511 510)
4(510 511 552 551)
4(551 552 593 592)
4(592 593 634 633)
4(633 634 675 674)
4(674 675 716 715)
4(715 716 757 756)
4(756 757 798 797)
4(797 798 839 838)
4(838 839 880 879)
4(470 471 512 511)
4(511 512 553 552)
4(552 553 594 593)
4(593 594 635 634)
4(634 635 676 675)
4(675 676 717 716)
4(716 717 758 757)
4(757 758 799 798)
4(798 799 840 839)
4(839 840 881 880)
4(471 472 513 512)
4(512 513 554 553)
4(553 554 595 594)
4(594 595 636 635)
4(635 636 677 676)
4(676 677 718 717)
4(717 718 759 758)
4(758 759 800 799)
4(799 800 841 840)
4(840 841 882 881)
4(472 473 514 513)
4(513 514 555 554)
4(554 555 596 595)
4(595 596 637 636)
4(636 637 678 677)
4(677 678 719 718)
4(718 719 760 759)
4(759 760 801 800)
4(800 801 842 841)
4(841 842 883 882)
4(473 474 515 514)
4(514 515 556 555)
4(555 556 597 596)
4(596 597 638 637)
4(637 638 679 678)
4(678 679 720 719)
4(719 720 761 760)
4(760 761 802 801)
4(801 802 843 842)
4(842 843 884 883)
4(474 475 516 515)
4(515 516 557 556)
4(556 557 598 597)
4(597 598 639 638)
4(638 639 680 679)
4(679 680 721 720)
4(720 721 762 761)
4(761 762 803 802)
4(802 803 844 843)
4(843 844 885 884)
4(475 476 517 516)
4(516 517 558 557)
4(557 558 599 598)
4(598 599 640 639)
4(639 640 681 680)
4(680 681 722 721)
4(721 722 763 762)
4(762 763 804 803)
4(803 804 845 844)
4(844 845 886 885)
4(476 477 518 517)
4(517 518 559 558)
4(558 559 600 599)
4(599 600 641 640)
4(640 641 682 681)
4(681 682 723 722)
4(722 723 764 763)
4(763 764 805 804)
4(804 805 846 845)
4(845 846 887 886)
4(477 478 519 518)
4(518 519 560 559)
4(559 560 601 600)
4(600 601 642 641)
4(641 642 683 682)
4(682 683 724 723)
4(723 724 765 764)
4(764 765 806 805)
4(805 806 847 846)
4(846 847 888 887)
4(478 479 520 519)
4(519 520 561 560)
4(560 561 602 601)
4(601 602 643 642)
4(642 643 684 683)
4(683 684 725 724)
4(724 725 766 765)
4(765 766 807 806)
4(806 807 848 847)
4(847 848 889 888)
4(479 480 521 520)
4(520 521 562 561)
4(561 562 603 602)
4(602 603 644 643)
4(643 644 685 684)
4(684 685 726 725)
4(725 726 767 766)
4(766 767 808 807)
4(807 808 849 848)
4(848 849 890 889)
4(480 481 522 521)
4(521 522 563 562)
4(562 563 604 603)
4(603 604 645 644)
4(644 645 686 685)
4(685 686 727 726)
4(726 727 768 767)
4(767 768 809 808)
4(808 809 850 849)
4(849 850 891 890)
4(481 482 523 522)
4(522 523 564 563)
4(563 564 605 604)
4(604 605 646 645)
4(645 646 687 686)
4(686 687 728 727)
4(727 728 769 768)
4(768 769 810 809)
4(809 810 851 850)
4(850 851 892 891)
4(482 483 524 523)
4(523 524 565 564)
4(564 565 606 605)
4(605 606 647 646)
4(646 647 688 687)
4(687 688 729 728)
4(728 729 770 769)
4(769 770 811 810)
4(810 811 852 851)
4(851 852 893 892)
4(483 484 525 524)
4(524 525 566 565)
4(565 566 607 606)
4(606 607 648 647)
4(647 648 689 688)
4(688 689 730 729)
4(729 730 771 770)
4(770 771 812 811)
4(811 812 853 852)
4(852 853 894 893)
4(484 485 526 525)
4(525 526 567 566)
4(566 567 608 607)
4(607 608 649 648)
4(648 649 690 689)
4(689 690 731 730)
4(730 731 772 771)
4(771 772 813 812)
4(812 813 854 853)
4(853 854 895 894)
4(485 486 527 526)
4(526 527 568 567)
4(567 568 609 608)
4(608 609 650 649)
4(649 650 691 690)
4(690 691 732 731)
4(731 732 773 772)
4(772 773 814 813)
4(813 814 855 854)
4(854 855 896 895)
4(486 487 528 527)
4(527 528 569 568)
4(568 569 610 609)
4(609 610 651 650)
4(650 651 692 691)
4(691 692 733 732)
4(732 733 774 773)
4(773 774 815 814)
4(814 815 856 855)
4(855 856 897 896)
4(487 488 529 528)
4(528 529 570 569)
4(569 570 611 610)
4(610 611 652 651)
4(651 652 693 692)
4(692 693 734 733)
4(733 734 775 774)
4(774 775 816 815)
4(815 816 857 856)
4(856 857 898 897)
4(488 489 530 529)
4(529 530 571 570)
4(570 571 612 611)
4(611 612 653 652)
4(652 653 694 693)
4(693 694 735 734)
4(734 735 776 775)
4(775 776 817 816)
4(816 817 858 857)
4(857 858 899 898)
4(489 490 531 530)
4(530 531 572 571)
4(571 572 613 612)
4(612 613 654 653)
4(653 654 695 694)
4(694 695 736 735)
4(735 736 777 776)
4(776 777 818 817)
4(817 818 859 858)
4(858 859 900 899)
4(490 491 532 531)
4(531 532 573 572)
4(572 573 614 613)
4(613 614 655 654)
4(654 655 696 695)
4(695 696 737 736)
4(736 737 778 777)
4(777 778 819 818)
4(818 819 860 859)
4(859 860 901 900)
)


// ************************************************************************* //
