/*--------------------------------*- C++ -*----------------------------------*\
| =========                 |                                                 |
| \\      /  F ield         | OpenFOAM: The Open Source CFD Toolbox           |
|  \\    /   O peration     | Version:  1.4.1                                 |
|   \\  /    A nd           | Web:      http://www.openfoam.org               |
|    \\/     M anipulation  |                                                 |
\*---------------------------------------------------------------------------*/

FoamFile
{
    version 2.0;
    format ascii;

    root "/home/elisa/TESI/VALIDAZIONE/SHOCK";
    case "TEST_SonicFoam";
    instance "constant";
    local "polyMesh";

    class vectorField;
    object points;
}

// * * * * * * * * * * * * * * * * * * * * * * * * * * * * * * * * * * * * * //


902
(
(0 0 0)
(0.103209 0 0)
(0.206418 0 0)
(0.309627 0 0)
(0.412836 0 0)
(0.516045 0 0)
(0.619254 0 0)
(0.722463 0 0)
(0.825672 0 0)
(0.928881 0 0)
(1.03209 0 0)
(1.135299 0 0)
(1.238508 0 0)
(1.341717 0 0)
(1.444926 0 0)
(1.548135 0 0)
(1.651344 0 0)
(1.754553 0 0)
(1.857762 0 0)
(1.960971 0 0)
(2.06418 0 0)
(2.167389 0 0)
(2.270598 0 0)
(2.373807 0 0)
(2.477016 0 0)
(2.580225 0 0)
(2.683434 0 0)
(2.786643 0 0)
(2.889852 0 0)
(2.993061 0 0)
(3.09627 0 0)
(3.199479 0 0)
(3.302688 0 0)
(3.405897 0 0)
(3.509106 0 0)
(3.612315 0 0)
(3.715524 0 0)
(3.818733 0 0)
(3.921942 0 0)
(4.025151 0 0)
(4.12836 0 0)
(0 0.1 0)
(0.103209 0.1 0)
(0.206418 0.1 0)
(0.309627 0.1 0)
(0.412836 0.1 0)
(0.516045 0.1 0)
(0.619254 0.1 0)
(0.722463 0.1 0)
(0.825672 0.1 0)
(0.928881 0.1 0)
(1.03209 0.1 0)
(1.135299 0.1 0)
(1.238508 0.1 0)
(1.341717 0.1 0)
(1.444926 0.1 0)
(1.548135 0.1 0)
(1.651344 0.1 0)
(1.754553 0.1 0)
(1.857762 0.1 0)
(1.960971 0.1 0)
(2.06418 0.1 0)
(2.167389 0.1 0)
(2.270598 0.1 0)
(2.373807 0.1 0)
(2.477016 0.1 0)
(2.580225 0.1 0)
(2.683434 0.1 0)
(2.786643 0.1 0)
(2.889852 0.1 0)
(2.993061 0.1 0)
(3.09627 0.1 0)
(3.199479 0.1 0)
(3.302688 0.1 0)
(3.405897 0.1 0)
(3.509106 0.1 0)
(3.612315 0.1 0)
(3.715524 0.1 0)
(3.818733 0.1 0)
(3.921942 0.1 0)
(4.025151 0.1 0)
(4.12836 0.1 0)
(0 0.2 0)
(0.103209 0.2 0)
(0.206418 0.2 0)
(0.309627 0.2 0)
(0.412836 0.2 0)
(0.516045 0.2 0)
(0.619254 0.2 0)
(0.722463 0.2 0)
(0.825672 0.2 0)
(0.928881 0.2 0)
(1.03209 0.2 0)
(1.135299 0.2 0)
(1.238508 0.2 0)
(1.341717 0.2 0)
(1.444926 0.2 0)
(1.548135 0.2 0)
(1.651344 0.2 0)
(1.754553 0.2 0)
(1.857762 0.2 0)
(1.960971 0.2 0)
(2.06418 0.2 0)
(2.167389 0.2 0)
(2.270598 0.2 0)
(2.373807 0.2 0)
(2.477016 0.2 0)
(2.580225 0.2 0)
(2.683434 0.2 0)
(2.786643 0.2 0)
(2.889852 0.2 0)
(2.993061 0.2 0)
(3.09627 0.2 0)
(3.199479 0.2 0)
(3.302688 0.2 0)
(3.405897 0.2 0)
(3.509106 0.2 0)
(3.612315 0.2 0)
(3.715524 0.2 0)
(3.818733 0.2 0)
(3.921942 0.2 0)
(4.025151 0.2 0)
(4.12836 0.2 0)
(0 0.3 0)
(0.103209 0.3 0)
(0.206418 0.3 0)
(0.309627 0.3 0)
(0.412836 0.3 0)
(0.516045 0.3 0)
(0.619254 0.3 0)
(0.722463 0.3 0)
(0.825672 0.3 0)
(0.928881 0.3 0)
(1.03209 0.3 0)
(1.135299 0.3 0)
(1.238508 0.3 0)
(1.341717 0.3 0)
(1.444926 0.3 0)
(1.548135 0.3 0)
(1.651344 0.3 0)
(1.754553 0.3 0)
(1.857762 0.3 0)
(1.960971 0.3 0)
(2.06418 0.3 0)
(2.167389 0.3 0)
(2.270598 0.3 0)
(2.373807 0.3 0)
(2.477016 0.3 0)
(2.580225 0.3 0)
(2.683434 0.3 0)
(2.786643 0.3 0)
(2.889852 0.3 0)
(2.993061 0.3 0)
(3.09627 0.3 0)
(3.199479 0.3 0)
(3.302688 0.3 0)
(3.405897 0.3 0)
(3.509106 0.3 0)
(3.612315 0.3 0)
(3.715524 0.3 0)
(3.818733 0.3 0)
(3.921942 0.3 0)
(4.025151 0.3 0)
(4.12836 0.3 0)
(0 0.4 0)
(0.103209 0.4 0)
(0.206418 0.4 0)
(0.309627 0.4 0)
(0.412836 0.4 0)
(0.516045 0.4 0)
(0.619254 0.4 0)
(0.722463 0.4 0)
(0.825672 0.4 0)
(0.928881 0.4 0)
(1.03209 0.4 0)
(1.135299 0.4 0)
(1.238508 0.4 0)
(1.341717 0.4 0)
(1.444926 0.4 0)
(1.548135 0.4 0)
(1.651344 0.4 0)
(1.754553 0.4 0)
(1.857762 0.4 0)
(1.960971 0.4 0)
(2.06418 0.4 0)
(2.167389 0.4 0)
(2.270598 0.4 0)
(2.373807 0.4 0)
(2.477016 0.4 0)
(2.580225 0.4 0)
(2.683434 0.4 0)
(2.786643 0.4 0)
(2.889852 0.4 0)
(2.993061 0.4 0)
(3.09627 0.4 0)
(3.199479 0.4 0)
(3.302688 0.4 0)
(3.405897 0.4 0)
(3.509106 0.4 0)
(3.612315 0.4 0)
(3.715524 0.4 0)
(3.818733 0.4 0)
(3.921942 0.4 0)
(4.025151 0.4 0)
(4.12836 0.4 0)
(0 0.5 0)
(0.103209 0.5 0)
(0.206418 0.5 0)
(0.309627 0.5 0)
(0.412836 0.5 0)
(0.516045 0.5 0)
(0.619254 0.5 0)
(0.722463 0.5 0)
(0.825672 0.5 0)
(0.928881 0.5 0)
(1.03209 0.5 0)
(1.135299 0.5 0)
(1.238508 0.5 0)
(1.341717 0.5 0)
(1.444926 0.5 0)
(1.548135 0.5 0)
(1.651344 0.5 0)
(1.754553 0.5 0)
(1.857762 0.5 0)
(1.960971 0.5 0)
(2.06418 0.5 0)
(2.167389 0.5 0)
(2.270598 0.5 0)
(2.373807 0.5 0)
(2.477016 0.5 0)
(2.580225 0.5 0)
(2.683434 0.5 0)
(2.786643 0.5 0)
(2.889852 0.5 0)
(2.993061 0.5 0)
(3.09627 0.5 0)
(3.199479 0.5 0)
(3.302688 0.5 0)
(3.405897 0.5 0)
(3.509106 0.5 0)
(3.612315 0.5 0)
(3.715524 0.5 0)
(3.818733 0.5 0)
(3.921942 0.5 0)
(4.025151 0.5 0)
(4.12836 0.5 0)
(0 0.6 0)
(0.103209 0.6 0)
(0.206418 0.6 0)
(0.309627 0.6 0)
(0.412836 0.6 0)
(0.516045 0.6 0)
(0.619254 0.6 0)
(0.722463 0.6 0)
(0.825672 0.6 0)
(0.928881 0.6 0)
(1.03209 0.6 0)
(1.135299 0.6 0)
(1.238508 0.6 0)
(1.341717 0.6 0)
(1.444926 0.6 0)
(1.548135 0.6 0)
(1.651344 0.6 0)
(1.754553 0.6 0)
(1.857762 0.6 0)
(1.960971 0.6 0)
(2.06418 0.6 0)
(2.167389 0.6 0)
(2.270598 0.6 0)
(2.373807 0.6 0)
(2.477016 0.6 0)
(2.580225 0.6 0)
(2.683434 0.6 0)
(2.786643 0.6 0)
(2.889852 0.6 0)
(2.993061 0.6 0)
(3.09627 0.6 0)
(3.199479 0.6 0)
(3.302688 0.6 0)
(3.405897 0.6 0)
(3.509106 0.6 0)
(3.612315 0.6 0)
(3.715524 0.6 0)
(3.818733 0.6 0)
(3.921942 0.6 0)
(4.025151 0.6 0)
(4.12836 0.6 0)
(0 0.7 0)
(0.103209 0.7 0)
(0.206418 0.7 0)
(0.309627 0.7 0)
(0.412836 0.7 0)
(0.516045 0.7 0)
(0.619254 0.7 0)
(0.722463 0.7 0)
(0.825672 0.7 0)
(0.928881 0.7 0)
(1.03209 0.7 0)
(1.135299 0.7 0)
(1.238508 0.7 0)
(1.341717 0.7 0)
(1.444926 0.7 0)
(1.548135 0.7 0)
(1.651344 0.7 0)
(1.754553 0.7 0)
(1.857762 0.7 0)
(1.960971 0.7 0)
(2.06418 0.7 0)
(2.167389 0.7 0)
(2.270598 0.7 0)
(2.373807 0.7 0)
(2.477016 0.7 0)
(2.580225 0.7 0)
(2.683434 0.7 0)
(2.786643 0.7 0)
(2.889852 0.7 0)
(2.993061 0.7 0)
(3.09627 0.7 0)
(3.199479 0.7 0)
(3.302688 0.7 0)
(3.405897 0.7 0)
(3.509106 0.7 0)
(3.612315 0.7 0)
(3.715524 0.7 0)
(3.818733 0.7 0)
(3.921942 0.7 0)
(4.025151 0.7 0)
(4.12836 0.7 0)
(0 0.8 0)
(0.103209 0.8 0)
(0.206418 0.8 0)
(0.309627 0.8 0)
(0.412836 0.8 0)
(0.516045 0.8 0)
(0.619254 0.8 0)
(0.722463 0.8 0)
(0.825672 0.8 0)
(0.928881 0.8 0)
(1.03209 0.8 0)
(1.135299 0.8 0)
(1.238508 0.8 0)
(1.341717 0.8 0)
(1.444926 0.8 0)
(1.548135 0.8 0)
(1.651344 0.8 0)
(1.754553 0.8 0)
(1.857762 0.8 0)
(1.960971 0.8 0)
(2.06418 0.8 0)
(2.167389 0.8 0)
(2.270598 0.8 0)
(2.373807 0.8 0)
(2.477016 0.8 0)
(2.580225 0.8 0)
(2.683434 0.8 0)
(2.786643 0.8 0)
(2.889852 0.8 0)
(2.993061 0.8 0)
(3.09627 0.8 0)
(3.199479 0.8 0)
(3.302688 0.8 0)
(3.405897 0.8 0)
(3.509106 0.8 0)
(3.612315 0.8 0)
(3.715524 0.8 0)
(3.818733 0.8 0)
(3.921942 0.8 0)
(4.025151 0.8 0)
(4.12836 0.8 0)
(0 0.9 0)
(0.103209 0.9 0)
(0.206418 0.9 0)
(0.309627 0.9 0)
(0.412836 0.9 0)
(0.516045 0.9 0)
(0.619254 0.9 0)
(0.722463 0.9 0)
(0.825672 0.9 0)
(0.928881 0.9 0)
(1.03209 0.9 0)
(1.135299 0.9 0)
(1.238508 0.9 0)
(1.341717 0.9 0)
(1.444926 0.9 0)
(1.548135 0.9 0)
(1.651344 0.9 0)
(1.754553 0.9 0)
(1.857762 0.9 0)
(1.960971 0.9 0)
(2.06418 0.9 0)
(2.167389 0.9 0)
(2.270598 0.9 0)
(2.373807 0.9 0)
(2.477016 0.9 0)
(2.580225 0.9 0)
(2.683434 0.9 0)
(2.786643 0.9 0)
(2.889852 0.9 0)
(2.993061 0.9 0)
(3.09627 0.9 0)
(3.199479 0.9 0)
(3.302688 0.9 0)
(3.405897 0.9 0)
(3.509106 0.9 0)
(3.612315 0.9 0)
(3.715524 0.9 0)
(3.818733 0.9 0)
(3.921942 0.9 0)
(4.025151 0.9 0)
(4.12836 0.9 0)
(0 1 0)
(0.103209 1 0)
(0.206418 1 0)
(0.309627 1 0)
(0.412836 1 0)
(0.516045 1 0)
(0.619254 1 0)
(0.722463 1 0)
(0.825672 1 0)
(0.928881 1 0)
(1.03209 1 0)
(1.135299 1 0)
(1.238508 1 0)
(1.341717 1 0)
(1.444926 1 0)
(1.548135 1 0)
(1.651344 1 0)
(1.754553 1 0)
(1.857762 1 0)
(1.960971 1 0)
(2.06418 1 0)
(2.167389 1 0)
(2.270598 1 0)
(2.373807 1 0)
(2.477016 1 0)
(2.580225 1 0)
(2.683434 1 0)
(2.786643 1 0)
(2.889852 1 0)
(2.993061 1 0)
(3.09627 1 0)
(3.199479 1 0)
(3.302688 1 0)
(3.405897 1 0)
(3.509106 1 0)
(3.612315 1 0)
(3.715524 1 0)
(3.818733 1 0)
(3.921942 1 0)
(4.025151 1 0)
(4.12836 1 0)
(0 0 0.1)
(0.103209 0 0.1)
(0.206418 0 0.1)
(0.309627 0 0.1)
(0.412836 0 0.1)
(0.516045 0 0.1)
(0.619254 0 0.1)
(0.722463 0 0.1)
(0.825672 0 0.1)
(0.928881 0 0.1)
(1.03209 0 0.1)
(1.135299 0 0.1)
(1.238508 0 0.1)
(1.341717 0 0.1)
(1.444926 0 0.1)
(1.548135 0 0.1)
(1.651344 0 0.1)
(1.754553 0 0.1)
(1.857762 0 0.1)
(1.960971 0 0.1)
(2.06418 0 0.1)
(2.167389 0 0.1)
(2.270598 0 0.1)
(2.373807 0 0.1)
(2.477016 0 0.1)
(2.580225 0 0.1)
(2.683434 0 0.1)
(2.786643 0 0.1)
(2.889852 0 0.1)
(2.993061 0 0.1)
(3.09627 0 0.1)
(3.199479 0 0.1)
(3.302688 0 0.1)
(3.405897 0 0.1)
(3.509106 0 0.1)
(3.612315 0 0.1)
(3.715524 0 0.1)
(3.818733 0 0.1)
(3.921942 0 0.1)
(4.025151 0 0.1)
(4.12836 0 0.1)
(0 0.1 0.1)
(0.103209 0.1 0.1)
(0.206418 0.1 0.1)
(0.309627 0.1 0.1)
(0.412836 0.1 0.1)
(0.516045 0.1 0.1)
(0.619254 0.1 0.1)
(0.722463 0.1 0.1)
(0.825672 0.1 0.1)
(0.928881 0.1 0.1)
(1.03209 0.1 0.1)
(1.135299 0.1 0.1)
(1.238508 0.1 0.1)
(1.341717 0.1 0.1)
(1.444926 0.1 0.1)
(1.548135 0.1 0.1)
(1.651344 0.1 0.1)
(1.754553 0.1 0.1)
(1.857762 0.1 0.1)
(1.960971 0.1 0.1)
(2.06418 0.1 0.1)
(2.167389 0.1 0.1)
(2.270598 0.1 0.1)
(2.373807 0.1 0.1)
(2.477016 0.1 0.1)
(2.580225 0.1 0.1)
(2.683434 0.1 0.1)
(2.786643 0.1 0.1)
(2.889852 0.1 0.1)
(2.993061 0.1 0.1)
(3.09627 0.1 0.1)
(3.199479 0.1 0.1)
(3.302688 0.1 0.1)
(3.405897 0.1 0.1)
(3.509106 0.1 0.1)
(3.612315 0.1 0.1)
(3.715524 0.1 0.1)
(3.818733 0.1 0.1)
(3.921942 0.1 0.1)
(4.025151 0.1 0.1)
(4.12836 0.1 0.1)
(0 0.2 0.1)
(0.103209 0.2 0.1)
(0.206418 0.2 0.1)
(0.309627 0.2 0.1)
(0.412836 0.2 0.1)
(0.516045 0.2 0.1)
(0.619254 0.2 0.1)
(0.722463 0.2 0.1)
(0.825672 0.2 0.1)
(0.928881 0.2 0.1)
(1.03209 0.2 0.1)
(1.135299 0.2 0.1)
(1.238508 0.2 0.1)
(1.341717 0.2 0.1)
(1.444926 0.2 0.1)
(1.548135 0.2 0.1)
(1.651344 0.2 0.1)
(1.754553 0.2 0.1)
(1.857762 0.2 0.1)
(1.960971 0.2 0.1)
(2.06418 0.2 0.1)
(2.167389 0.2 0.1)
(2.270598 0.2 0.1)
(2.373807 0.2 0.1)
(2.477016 0.2 0.1)
(2.580225 0.2 0.1)
(2.683434 0.2 0.1)
(2.786643 0.2 0.1)
(2.889852 0.2 0.1)
(2.993061 0.2 0.1)
(3.09627 0.2 0.1)
(3.199479 0.2 0.1)
(3.302688 0.2 0.1)
(3.405897 0.2 0.1)
(3.509106 0.2 0.1)
(3.612315 0.2 0.1)
(3.715524 0.2 0.1)
(3.818733 0.2 0.1)
(3.921942 0.2 0.1)
(4.025151 0.2 0.1)
(4.12836 0.2 0.1)
(0 0.3 0.1)
(0.103209 0.3 0.1)
(0.206418 0.3 0.1)
(0.309627 0.3 0.1)
(0.412836 0.3 0.1)
(0.516045 0.3 0.1)
(0.619254 0.3 0.1)
(0.722463 0.3 0.1)
(0.825672 0.3 0.1)
(0.928881 0.3 0.1)
(1.03209 0.3 0.1)
(1.135299 0.3 0.1)
(1.238508 0.3 0.1)
(1.341717 0.3 0.1)
(1.444926 0.3 0.1)
(1.548135 0.3 0.1)
(1.651344 0.3 0.1)
(1.754553 0.3 0.1)
(1.857762 0.3 0.1)
(1.960971 0.3 0.1)
(2.06418 0.3 0.1)
(2.167389 0.3 0.1)
(2.270598 0.3 0.1)
(2.373807 0.3 0.1)
(2.477016 0.3 0.1)
(2.580225 0.3 0.1)
(2.683434 0.3 0.1)
(2.786643 0.3 0.1)
(2.889852 0.3 0.1)
(2.993061 0.3 0.1)
(3.09627 0.3 0.1)
(3.199479 0.3 0.1)
(3.302688 0.3 0.1)
(3.405897 0.3 0.1)
(3.509106 0.3 0.1)
(3.612315 0.3 0.1)
(3.715524 0.3 0.1)
(3.818733 0.3 0.1)
(3.921942 0.3 0.1)
(4.025151 0.3 0.1)
(4.12836 0.3 0.1)
(0 0.4 0.1)
(0.103209 0.4 0.1)
(0.206418 0.4 0.1)
(0.309627 0.4 0.1)
(0.412836 0.4 0.1)
(0.516045 0.4 0.1)
(0.619254 0.4 0.1)
(0.722463 0.4 0.1)
(0.825672 0.4 0.1)
(0.928881 0.4 0.1)
(1.03209 0.4 0.1)
(1.135299 0.4 0.1)
(1.238508 0.4 0.1)
(1.341717 0.4 0.1)
(1.444926 0.4 0.1)
(1.548135 0.4 0.1)
(1.651344 0.4 0.1)
(1.754553 0.4 0.1)
(1.857762 0.4 0.1)
(1.960971 0.4 0.1)
(2.06418 0.4 0.1)
(2.167389 0.4 0.1)
(2.270598 0.4 0.1)
(2.373807 0.4 0.1)
(2.477016 0.4 0.1)
(2.580225 0.4 0.1)
(2.683434 0.4 0.1)
(2.786643 0.4 0.1)
(2.889852 0.4 0.1)
(2.993061 0.4 0.1)
(3.09627 0.4 0.1)
(3.199479 0.4 0.1)
(3.302688 0.4 0.1)
(3.405897 0.4 0.1)
(3.509106 0.4 0.1)
(3.612315 0.4 0.1)
(3.715524 0.4 0.1)
(3.818733 0.4 0.1)
(3.921942 0.4 0.1)
(4.025151 0.4 0.1)
(4.12836 0.4 0.1)
(0 0.5 0.1)
(0.103209 0.5 0.1)
(0.206418 0.5 0.1)
(0.309627 0.5 0.1)
(0.412836 0.5 0.1)
(0.516045 0.5 0.1)
(0.619254 0.5 0.1)
(0.722463 0.5 0.1)
(0.825672 0.5 0.1)
(0.928881 0.5 0.1)
(1.03209 0.5 0.1)
(1.135299 0.5 0.1)
(1.238508 0.5 0.1)
(1.341717 0.5 0.1)
(1.444926 0.5 0.1)
(1.548135 0.5 0.1)
(1.651344 0.5 0.1)
(1.754553 0.5 0.1)
(1.857762 0.5 0.1)
(1.960971 0.5 0.1)
(2.06418 0.5 0.1)
(2.167389 0.5 0.1)
(2.270598 0.5 0.1)
(2.373807 0.5 0.1)
(2.477016 0.5 0.1)
(2.580225 0.5 0.1)
(2.683434 0.5 0.1)
(2.786643 0.5 0.1)
(2.889852 0.5 0.1)
(2.993061 0.5 0.1)
(3.09627 0.5 0.1)
(3.199479 0.5 0.1)
(3.302688 0.5 0.1)
(3.405897 0.5 0.1)
(3.509106 0.5 0.1)
(3.612315 0.5 0.1)
(3.715524 0.5 0.1)
(3.818733 0.5 0.1)
(3.921942 0.5 0.1)
(4.025151 0.5 0.1)
(4.12836 0.5 0.1)
(0 0.6 0.1)
(0.103209 0.6 0.1)
(0.206418 0.6 0.1)
(0.309627 0.6 0.1)
(0.412836 0.6 0.1)
(0.516045 0.6 0.1)
(0.619254 0.6 0.1)
(0.722463 0.6 0.1)
(0.825672 0.6 0.1)
(0.928881 0.6 0.1)
(1.03209 0.6 0.1)
(1.135299 0.6 0.1)
(1.238508 0.6 0.1)
(1.341717 0.6 0.1)
(1.444926 0.6 0.1)
(1.548135 0.6 0.1)
(1.651344 0.6 0.1)
(1.754553 0.6 0.1)
(1.857762 0.6 0.1)
(1.960971 0.6 0.1)
(2.06418 0.6 0.1)
(2.167389 0.6 0.1)
(2.270598 0.6 0.1)
(2.373807 0.6 0.1)
(2.477016 0.6 0.1)
(2.580225 0.6 0.1)
(2.683434 0.6 0.1)
(2.786643 0.6 0.1)
(2.889852 0.6 0.1)
(2.993061 0.6 0.1)
(3.09627 0.6 0.1)
(3.199479 0.6 0.1)
(3.302688 0.6 0.1)
(3.405897 0.6 0.1)
(3.509106 0.6 0.1)
(3.612315 0.6 0.1)
(3.715524 0.6 0.1)
(3.818733 0.6 0.1)
(3.921942 0.6 0.1)
(4.025151 0.6 0.1)
(4.12836 0.6 0.1)
(0 0.7 0.1)
(0.103209 0.7 0.1)
(0.206418 0.7 0.1)
(0.309627 0.7 0.1)
(0.412836 0.7 0.1)
(0.516045 0.7 0.1)
(0.619254 0.7 0.1)
(0.722463 0.7 0.1)
(0.825672 0.7 0.1)
(0.928881 0.7 0.1)
(1.03209 0.7 0.1)
(1.135299 0.7 0.1)
(1.238508 0.7 0.1)
(1.341717 0.7 0.1)
(1.444926 0.7 0.1)
(1.548135 0.7 0.1)
(1.651344 0.7 0.1)
(1.754553 0.7 0.1)
(1.857762 0.7 0.1)
(1.960971 0.7 0.1)
(2.06418 0.7 0.1)
(2.167389 0.7 0.1)
(2.270598 0.7 0.1)
(2.373807 0.7 0.1)
(2.477016 0.7 0.1)
(2.580225 0.7 0.1)
(2.683434 0.7 0.1)
(2.786643 0.7 0.1)
(2.889852 0.7 0.1)
(2.993061 0.7 0.1)
(3.09627 0.7 0.1)
(3.199479 0.7 0.1)
(3.302688 0.7 0.1)
(3.405897 0.7 0.1)
(3.509106 0.7 0.1)
(3.612315 0.7 0.1)
(3.715524 0.7 0.1)
(3.818733 0.7 0.1)
(3.921942 0.7 0.1)
(4.025151 0.7 0.1)
(4.12836 0.7 0.1)
(0 0.8 0.1)
(0.103209 0.8 0.1)
(0.206418 0.8 0.1)
(0.309627 0.8 0.1)
(0.412836 0.8 0.1)
(0.516045 0.8 0.1)
(0.619254 0.8 0.1)
(0.722463 0.8 0.1)
(0.825672 0.8 0.1)
(0.928881 0.8 0.1)
(1.03209 0.8 0.1)
(1.135299 0.8 0.1)
(1.238508 0.8 0.1)
(1.341717 0.8 0.1)
(1.444926 0.8 0.1)
(1.548135 0.8 0.1)
(1.651344 0.8 0.1)
(1.754553 0.8 0.1)
(1.857762 0.8 0.1)
(1.960971 0.8 0.1)
(2.06418 0.8 0.1)
(2.167389 0.8 0.1)
(2.270598 0.8 0.1)
(2.373807 0.8 0.1)
(2.477016 0.8 0.1)
(2.580225 0.8 0.1)
(2.683434 0.8 0.1)
(2.786643 0.8 0.1)
(2.889852 0.8 0.1)
(2.993061 0.8 0.1)
(3.09627 0.8 0.1)
(3.199479 0.8 0.1)
(3.302688 0.8 0.1)
(3.405897 0.8 0.1)
(3.509106 0.8 0.1)
(3.612315 0.8 0.1)
(3.715524 0.8 0.1)
(3.818733 0.8 0.1)
(3.921942 0.8 0.1)
(4.025151 0.8 0.1)
(4.12836 0.8 0.1)
(0 0.9 0.1)
(0.103209 0.9 0.1)
(0.206418 0.9 0.1)
(0.309627 0.9 0.1)
(0.412836 0.9 0.1)
(0.516045 0.9 0.1)
(0.619254 0.9 0.1)
(0.722463 0.9 0.1)
(0.825672 0.9 0.1)
(0.928881 0.9 0.1)
(1.03209 0.9 0.1)
(1.135299 0.9 0.1)
(1.238508 0.9 0.1)
(1.341717 0.9 0.1)
(1.444926 0.9 0.1)
(1.548135 0.9 0.1)
(1.651344 0.9 0.1)
(1.754553 0.9 0.1)
(1.857762 0.9 0.1)
(1.960971 0.9 0.1)
(2.06418 0.9 0.1)
(2.167389 0.9 0.1)
(2.270598 0.9 0.1)
(2.373807 0.9 0.1)
(2.477016 0.9 0.1)
(2.580225 0.9 0.1)
(2.683434 0.9 0.1)
(2.786643 0.9 0.1)
(2.889852 0.9 0.1)
(2.993061 0.9 0.1)
(3.09627 0.9 0.1)
(3.199479 0.9 0.1)
(3.302688 0.9 0.1)
(3.405897 0.9 0.1)
(3.509106 0.9 0.1)
(3.612315 0.9 0.1)
(3.715524 0.9 0.1)
(3.818733 0.9 0.1)
(3.921942 0.9 0.1)
(4.025151 0.9 0.1)
(4.12836 0.9 0.1)
(0 1 0.1)
(0.103209 1 0.1)
(0.206418 1 0.1)
(0.309627 1 0.1)
(0.412836 1 0.1)
(0.516045 1 0.1)
(0.619254 1 0.1)
(0.722463 1 0.1)
(0.825672 1 0.1)
(0.928881 1 0.1)
(1.03209 1 0.1)
(1.135299 1 0.1)
(1.238508 1 0.1)
(1.341717 1 0.1)
(1.444926 1 0.1)
(1.548135 1 0.1)
(1.651344 1 0.1)
(1.754553 1 0.1)
(1.857762 1 0.1)
(1.960971 1 0.1)
(2.06418 1 0.1)
(2.167389 1 0.1)
(2.270598 1 0.1)
(2.373807 1 0.1)
(2.477016 1 0.1)
(2.580225 1 0.1)
(2.683434 1 0.1)
(2.786643 1 0.1)
(2.889852 1 0.1)
(2.993061 1 0.1)
(3.09627 1 0.1)
(3.199479 1 0.1)
(3.302688 1 0.1)
(3.405897 1 0.1)
(3.509106 1 0.1)
(3.612315 1 0.1)
(3.715524 1 0.1)
(3.818733 1 0.1)
(3.921942 1 0.1)
(4.025151 1 0.1)
(4.12836 1 0.1)
)


// ************************************************************************* //
