/*--------------------------------*- C++ -*----------------------------------*\
| =========                 |                                                 |
| \\      /  F ield         | OpenFOAM: The Open Source CFD Toolbox           |
|  \\    /   O peration     | Version:  1.4.1                                 |
|   \\  /    A nd           | Web:      http://www.openfoam.org               |
|    \\/     M anipulation  |                                                 |
\*---------------------------------------------------------------------------*/

FoamFile
{
    version 2.0;
    format ascii;

    root "/home/elisa/TESI/MESHES";
    case "NACA64A010";
    instance "constant";
    local "polyMesh";

    class labelList;

    note "nCells:2920 nActiveFaces:10332 nActivePoints:3144";

    object neighbour;
}

// * * * * * * * * * * * * * * * * * * * * * * * * * * * * * * * * * * * * * //


10332
(
1
2
3
4
5
6
7
8
9
10
8
11
12
13
14
13
15
16
17
16
18
19
20
21
20
22
23
24
25
22
26
27
28
29
28
30
31
30
32
33
34
34
35
33
36
37
38
39
37
40
41
40
42
43
44
45
46
42
47
48
49
50
49
51
52
51
53
54
53
55
56
57
57
58
58
59
56
60
61
62
63
62
64
65
61
66
67
66
68
69
70
71
72
73
68
74
75
76
77
78
78
79
77
80
81
80
82
83
82
84
85
86
86
87
87
88
88
89
85
90
91
92
92
93
94
95
93
96
97
91
98
99
98
100
101
102
103
104
105
106
100
107
108
109
110
111
112
112
113
113
114
111
115
116
115
117
118
117
119
120
121
121
122
122
123
123
124
124
125
120
126
127
128
128
129
129
130
131
132
133
130
134
135
127
136
137
136
138
139
140
141
142
143
144
145
138
146
147
148
149
150
151
152
151
153
153
154
154
155
152
156
157
156
158
159
158
160
161
162
161
163
163
164
164
165
165
166
166
167
162
168
169
170
170
171
171
172
172
173
174
175
176
177
173
178
179
169
180
181
180
182
183
184
185
186
187
188
189
190
182
191
192
193
194
195
196
197
198
197
199
198
200
200
201
201
202
199
203
204
203
205
206
205
207
208
209
209
210
208
211
211
212
212
213
213
214
214
215
210
216
217
218
218
219
219
220
220
221
221
222
223
224
225
226
227
222
228
229
217
230
231
230
232
233
234
235
236
237
238
239
240
241
232
242
243
244
245
246
247
248
249
250
249
251
250
252
251
253
253
254
254
255
252
256
257
256
258
259
258
260
261
262
262
263
263
264
261
265
265
266
266
267
267
268
268
269
264
270
271
272
271
273
273
274
274
275
275
276
276
277
278
279
280
281
282
283
284
285
286
272
287
288
287
289
290
291
292
293
294
295
296
297
298
299
289
300
301
302
303
304
305
306
285
307
308
309
308
310
309
311
310
312
311
313
313
314
314
315
316
312
317
318
317
319
320
319
321
322
323
323
324
324
325
325
326
322
327
327
328
328
329
329
330
330
331
332
333
334
335
334
336
335
337
337
338
338
339
340
341
341
342
343
344
345
346
347
348
349
350
351
342
352
353
336
354
355
356
357
358
359
360
361
362
332
363
364
365
366
367
358
368
356
369
370
371
372
373
374
340
375
376
377
378
379
380
380
381
379
382
381
383
382
384
383
385
385
386
387
388
352
389
390
384
391
357
392
391
393
394
395
393
396
397
396
398
398
399
399
400
400
401
397
402
402
403
403
404
393
404
369
405
406
407
408
409
410
411
412
410
413
414
415
416
417
417
418
419
420
420
421
422
423
424
425
426
427
428
387
429
430
431
432
390
433
434
435
436
437
438
439
437
438
440
441
442
443
444
405
445
446
447
435
448
449
450
411
451
409
452
453
454
455
436
456
415
457
416
458
459
460
461
419
462
463
464
434
465
466
467
467
468
468
469
466
470
469
471
470
472
471
473
473
474
431
475
476
433
477
478
478
472
479
480
481
450
482
483
484
484
485
483
486
486
487
487
488
489
490
485
491
472
491
449
492
493
494
495
496
496
497
497
498
498
499
456
495
500
501
502
459
503
501
461
504
505
505
506
464
507
508
509
510
511
512
513
514
515
516
517
475
518
519
520
521
520
522
523
524
525
525
526
482
527
528
529
530
531
532
533
490
534
492
535
536
515
537
494
538
528
539
540
541
542
502
543
524
544
545
546
504
547
548
549
549
550
550
551
509
551
552
553
554
555
556
555
557
557
558
558
559
556
559
560
560
561
561
562
521
563
564
565
523
566
553
567
568
527
569
570
571
572
573
572
574
556
574
573
575
575
576
576
577
536
578
579
580
581
580
582
544
583
583
584
584
585
585
586
586
587
588
547
589
587
590
591
592
593
594
595
596
554
597
598
599
600
601
602
603
604
605
563
606
607
608
609
609
610
611
612
613
614
614
615
615
616
617
618
618
619
620
621
600
622
623
624
625
581
626
625
627
628
629
619
630
631
632
633
634
635
613
636
590
637
638
593
637
594
639
640
641
642
643
642
644
644
645
612
646
647
648
649
649
650
650
651
651
652
652
653
653
654
655
656
610
657
611
658
659
660
661
662
663
664
665
617
666
667
668
669
649
670
670
671
671
672
672
673
674
675
676
627
677
678
679
680
680
681
679
682
636
683
683
684
685
686
685
687
638
687
688
689
690
691
692
691
693
643
692
694
695
696
647
697
648
698
699
700
701
702
703
704
655
705
706
657
707
708
709
710
710
711
711
712
662
713
714
715
716
716
717
717
718
718
719
720
721
669
722
723
701
724
725
674
726
727
676
728
678
681
729
730
731
732
733
734
735
736
686
737
738
739
740
715
741
693
742
742
743
744
745
746
747
748
748
749
697
747
750
714
751
752
753
752
754
755
755
756
756
757
757
758
758
759
759
760
761
762
712
762
763
764
765
766
767
764
768
769
770
771
772
773
721
774
722
775
776
777
735
778
755
779
779
780
780
781
782
783
783
784
730
785
786
787
788
787
789
790
791
788
792
793
737
741
794
739
795
796
795
797
798
799
797
800
801
802
749
802
801
803
804
805
806
807
808
754
809
810
807
811
812
813
814
815
816
761
817
818
819
820
821
822
820
823
823
824
824
825
769
826
827
828
829
829
830
830
831
831
832
832
833
834
835
835
836
837
838
838
839
813
840
782
841
842
843
786
844
845
846
845
847
848
849
850
850
851
846
852
853
854
839
854
855
856
857
855
858
859
828
860
800
803
861
862
863
864
865
866
866
867
867
868
869
865
870
827
871
872
873
872
874
873
875
876
876
877
878
879
878
880
880
881
881
882
825
883
884
885
886
886
887
888
889
890
887
891
892
893
894
895
896
897
836
898
837
899
900
901
902
903
904
876
905
905
906
906
907
844
908
909
910
911
912
913
912
914
913
915
916
917
918
917
919
914
920
921
922
860
923
858
859
924
925
926
927
928
929
930
931
932
928
929
933
934
935
931
936
874
937
937
938
875
939
940
941
942
943
879
944
945
946
947
948
883
949
950
951
952
951
953
954
955
956
957
957
958
958
959
892
960
939
926
961
962
963
962
964
964
965
965
966
966
967
968
969
969
970
967
970
971
972
972
973
973
974
944
975
908
976
977
978
979
979
980
919
980
981
982
983
916
984
918
985
986
987
988
989
974
989
923
990
991
990
992
927
993
994
995
996
997
932
998
999
1000
938
1001
1001
1002
1002
1003
1004
1005
1006
1007
1008
1009
1010
1010
1011
1009
1012
1011
1013
1014
946
1015
1016
1015
1017
1017
1018
1019
1020
959
1021
1022
956
1023
954
1024
1025
1025
1026
1027
1028
1029
1030
1026
1031
963
1032
1033
1034
1035
1036
1037
1038
971
1039
1040
1041
1042
1043
1044
1045
1014
1046
1046
1047
1047
1048
1048
1049
1050
1051
1052
1053
1053
1054
988
1052
1054
1055
1056
1057
1055
1057
1056
1058
1059
1060
1061
1062
1063
993
1064
1065
1063
1066
1067
1068
1068
1069
1069
1070
1070
1071
1004
1072
1071
1072
1073
1074
1005
1075
1076
1077
1078
1079
1079
1080
1013
1081
1082
1083
1084
1078
1085
1086
1016
1087
1088
1089
1019
1090
1091
1021
1092
1093
1094
1095
1094
1096
1097
1098
1099
1100
1096
1101
1101
1102
1102
1103
1093
1104
1081
1105
1066
1106
1034
1107
1108
1107
1109
1109
1110
1110
1111
1111
1112
1113
1114
1113
1115
1112
1115
1116
1117
1117
1118
1118
1119
1119
1120
1121
1122
1123
1124
1125
1125
1126
1126
1127
1128
1129
1130
1131
1132
1133
1127
1134
1135
1136
1120
1135
1062
1137
1138
1139
1137
1140
1067
1141
1142
1143
1144
1145
1146
1147
1148
1149
1150
1150
1151
1151
1152
1153
1154
1153
1155
1156
1157
1149
1158
1159
1160
1161
1162
1163
1164
1165
1166
1167
1168
1169
1088
1170
1121
1170
1171
1171
1172
1172
1173
1173
1174
1175
1176
1098
1177
1178
1179
1180
1181
1180
1182
1183
1184
1185
1186
1104
1187
1188
1189
1190
1108
1191
1192
1193
1194
1195
1196
1197
1198
1116
1199
1200
1201
1202
1203
1204
1205
1206
1206
1207
1124
1208
1209
1210
1211
1212
1213
1214
1213
1215
1215
1216
1216
1217
1218
1219
1217
1218
1219
1220
1221
1214
1222
1223
1224
1225
1142
1225
1141
1226
1227
1228
1144
1229
1230
1230
1231
1231
1232
1232
1233
1234
1235
1236
1237
1238
1155
1239
1240
1234
1241
1242
1243
1244
1243
1245
1246
1247
1168
1248
1163
1249
1167
1250
1165
1251
1252
1169
1253
1254
1255
1256
1257
1258
1259
1260
1261
1262
1263
1264
1265
1264
1266
1267
1268
1267
1269
1268
1270
1271
1272
1273
1271
1274
1183
1275
1276
1189
1277
1270
1278
1278
1279
1279
1280
1266
1280
1281
1282
1283
1284
1285
1286
1287
1286
1288
1289
1290
1291
1292
1293
1294
1295
1296
1297
1298
1297
1299
1296
1298
1300
1301
1302
1303
1304
1305
1306
1307
1308
1309
1260
1208
1310
1311
1312
1313
1312
1314
1315
1316
1220
1315
1317
1318
1319
1320
1321
1322
1323
1324
1325
1326
1326
1327
1224
1328
1329
1330
1328
1331
1229
1332
1284
1333
1334
1335
1336
1337
1235
1338
1339
1340
1341
1342
1341
1343
1343
1344
1344
1345
1346
1347
1346
1348
1347
1349
1350
1256
1351
1246
1352
1353
1342
1354
1283
1355
1356
1357
1356
1358
1359
1360
1357
1359
1361
1362
1360
1361
1257
1363
1364
1358
1355
1365
1362
1365
1366
1366
1367
1367
1368
1369
1370
1371
1370
1372
1373
1374
1375
1274
1376
1377
1378
1273
1379
1380
1381
1380
1382
1382
1383
1383
1384
1385
1386
1387
1282
1384
1388
1389
1390
1288
1391
1392
1289
1393
1394
1395
1292
1396
1294
1397
1398
1295
1399
1400
1401
1402
1403
1404
1405
1406
1302
1407
1406
1408
1409
1304
1410
1411
1306
1412
1413
1308
1414
1415
1325
1416
1366
1417
1313
1418
1419
1420
1316
1421
1422
1423
1424
1425
1424
1426
1427
1428
1429
1430
1431
1432
1432
1433
1434
1435
1436
1437
1438
1439
1440
1441
1442
1330
1443
1333
1332
1444
1445
1446
1445
1447
1447
1448
1448
1449
1450
1451
1450
1452
1348
1453
1452
1453
1454
1455
1456
1457
1349
1458
1459
1460
1461
1462
1351
1463
1464
1463
1465
1465
1466
1466
1467
1468
1469
1470
1471
1472
1473
1474
1475
1476
1477
1477
1478
1479
1480
1369
1481
1482
1483
1372
1484
1485
1484
1486
1376
1487
1487
1488
1489
1490
1491
1492
1493
1493
1494
1495
1492
1496
1497
1498
1499
1490
1500
1500
1501
1486
1501
1502
1503
1503
1504
1505
1506
1506
1507
1394
1508
1508
1509
1510
1509
1511
1511
1512
1513
1514
1512
1513
1515
1516
1514
1515
1517
1518
1518
1519
1405
1520
1519
1520
1521
1522
1408
1523
1524
1523
1525
1525
1526
1526
1527
1527
1528
1528
1529
1529
1530
1530
1531
1531
1532
1418
1480
1533
1534
1535
1535
1536
1534
1537
1437
1538
1537
1538
1539
1427
1540
1441
1541
1542
1543
1544
1543
1545
1431
1546
1547
1548
1434
1549
1550
1436
1551
1552
1553
1532
1554
1440
1554
1555
1556
1443
1557
1558
1557
1559
1560
1505
1561
1562
1563
1451
1564
1565
1566
1567
1568
1569
1570
1467
1570
1569
1571
1571
1572
1572
1573
1574
1575
1576
1577
1578
1579
1580
1581
1582
1478
1583
1584
1585
1586
1504
1587
1588
1589
1588
1590
1476
1589
1590
1591
1591
1592
1592
1593
1593
1594
1595
1596
1597
1587
1594
1598
1598
1599
1600
1601
1601
1602
1603
1602
1604
1605
1606
1491
1607
1496
1608
1609
1610
1611
1612
1495
1613
1614
1615
1614
1616
1616
1617
1502
1617
1618
1619
1620
1621
1622
1623
1624
1625
1626
1627
1628
1626
1629
1630
1631
1632
1633
1634
1517
1635
1636
1637
1638
1639
1640
1641
1641
1642
1643
1642
1644
1645
1646
1647
1648
1649
1650
1651
1652
1653
1654
1655
1656
1654
1657
1658
1659
1541
1660
1660
1661
1662
1661
1663
1664
1663
1665
1666
1667
1666
1668
1668
1669
1669
1670
1670
1671
1671
1672
1672
1673
1674
1675
1675
1676
1677
1678
1679
1679
1680
1681
1561
1681
1560
1682
1683
1684
1685
1686
1686
1687
1687
1688
1689
1690
1689
1691
1692
1693
1694
1695
1696
1697
1698
1699
1581
1700
1579
1701
1576
1702
1703
1580
1704
1695
1705
1706
1707
1708
1583
1709
1710
1709
1711
1711
1712
1712
1713
1714
1715
1716
1717
1718
1719
1720
1721
1722
1723
1724
1725
1725
1726
1653
1600
1727
1728
1729
1730
1604
1731
1732
1731
1733
1734
1735
1735
1736
1734
1737
1738
1739
1736
1740
1741
1742
1743
1744
1744
1745
1746
1747
1748
1749
1750
1751
1752
1753
1754
1755
1756
1756
1757
1758
1759
1760
1761
1760
1762
1762
1763
1764
1765
1766
1767
1768
1769
1770
1771
1772
1773
1774
1775
1776
1777
1778
1779
1780
1779
1781
1781
1782
1782
1783
1783
1784
1784
1785
1785
1786
1787
1788
1644
1789
1790
1789
1791
1791
1792
1792
1793
1793
1794
1794
1795
1795
1796
1796
1797
1797
1798
1799
1800
1801
1802
1657
1802
1803
1801
1804
1676
1804
1805
1806
1680
1807
1808
1665
1667
1809
1810
1811
1812
1813
1814
1815
1816
1674
1817
1818
1819
1820
1678
1798
1821
1822
1823
1824
1825
1685
1825
1761
1826
1827
1828
1829
1691
1830
1831
1832
1833
1834
1833
1835
1694
1836
1837
1838
1839
1840
1839
1841
1840
1842
1700
1842
1843
1844
1845
1845
1846
1846
1847
1847
1848
1849
1850
1844
1850
1848
1851
1851
1852
1853
1854
1855
1856
1857
1841
1858
1859
1860
1861
1862
1722
1863
1864
1865
1866
1867
1868
1869
1870
1871
1860
1872
1873
1874
1875
1874
1876
1877
1854
1878
1799
1879
1879
1880
1880
1881
1882
1883
1884
1883
1885
1753
1886
1887
1888
1889
1747
1890
1752
1891
1740
1892
1893
1748
1894
1895
1896
1895
1897
1898
1899
1900
1901
1902
1903
1904
1902
1905
1906
1907
1754
1908
1909
1910
1911
1912
1913
1914
1915
1916
1916
1917
1859
1918
1919
1920
1921
1922
1923
1922
1924
1770
1925
1767
1926
1927
1772
1928
1924
1929
1930
1773
1931
1932
1933
1776
1934
1778
1935
1936
1780
1937
1938
1939
1940
1941
1942
1943
1944
1945
1946
1947
1948
1949
1950
1951
1952
1951
1953
1954
1955
1956
1957
1958
1959
1960
1961
1962
1962
1963
1964
1965
1963
1966
1967
1807
1968
1968
1969
1970
1969
1971
1971
1972
1973
1974
1972
1974
1973
1975
1975
1976
1976
1977
1977
1978
1978
1979
1979
1980
1980
1981
1982
1983
1984
1985
1986
1987
1988
1989
1989
1990
1826
1991
1992
1993
1994
1994
1995
1995
1996
1996
1997
1998
1999
1999
2000
2001
1997
1998
2002
2003
2003
2004
2004
2005
1849
2005
2006
2007
2008
2009
2010
2011
2012
2013
2014
2015
2016
2017
2018
2019
2010
2020
2021
2022
2023
2024
2025
2022
2026
2027
2028
2029
2030
2031
2032
1865
2033
2034
2035
2034
2036
1867
2037
2038
1869
2039
2040
1871
2041
2042
1872
2043
2044
2045
2046
2047
2048
2047
2049
2050
2051
2051
2052
2052
2053
2054
2055
1882
2056
2057
2058
1885
2059
2060
2059
2061
2062
2063
2064
2065
2066
2067
2068
2069
2070
2071
2071
2072
2066
2072
2073
2074
2075
2073
2076
2077
2078
2077
2079
1901
2080
2079
2081
2082
2083
2069
2084
2074
2084
1906
2085
2086
1912
2087
2088
2089
2070
2089
2061
2090
2088
2090
2091
2092
2093
2092
2094
2094
2095
2096
2097
2098
2098
2099
1920
2100
2101
2100
2102
2103
2102
2104
2105
2106
2107
2106
2108
2108
2109
2109
2110
1930
2111
2107
2112
2113
2110
2112
2113
2114
2114
2115
2116
2117
2115
2116
2118
2119
2117
2118
2120
2121
2119
2120
2122
2123
2124
2125
2126
2127
2128
2129
2128
2130
2131
2132
1948
2133
2134
1950
2135
2136
2137
2138
2139
2140
2141
2142
2143
2144
2145
2146
2147
2148
2149
2150
2151
2152
2153
2154
2155
2156
2157
2158
2159
2160
2161
1966
2161
2162
2163
2164
2165
2166
2167
2168
2169
2170
2171
2172
2173
2174
2175
2176
2177
2178
1983
2179
1985
2180
2181
2164
2182
2183
1988
2184
2157
2185
2186
2187
2168
2188
1993
2101
2189
2190
2191
2192
2193
2194
2195
2001
2196
2002
2197
2198
2199
2200
2201
2202
2203
2204
2201
2205
2206
2207
2208
2207
2209
2210
2211
2211
2212
2212
2213
2213
2214
2214
2215
2216
2217
2210
2217
2215
2218
2218
2219
2024
2220
2221
2053
2222
2223
2222
2224
2027
2225
2226
2029
2227
2228
2229
2230
2099
2231
2231
2232
2233
2234
2235
2234
2236
2046
2237
2238
2239
2233
2239
2240
2241
2238
2241
2242
2243
2240
2243
2244
2245
2242
2245
2232
2244
2246
2247
2049
2050
2248
2249
2250
2251
2252
2158
2253
2253
2254
2254
2255
2058
2256
2257
2258
2257
2259
2260
2065
2261
2068
2262
2067
2263
2264
2265
2266
2267
2268
2269
2270
2271
2272
2273
2076
2078
2274
2275
2276
2277
2081
2278
2279
2278
2280
2280
2281
2282
2281
2283
2283
2284
2284
2285
2286
2287
2288
2093
2285
2289
2290
2291
2096
2292
2097
2293
2294
2295
2296
2297
2298
2104
2299
2300
2299
2301
2302
2303
2304
2305
2306
2301
2307
2308
2309
2310
2311
2312
2313
2314
2315
2316
2122
2317
2318
2125
2319
2127
2320
2321
2129
2322
2323
2324
2325
2132
2326
2133
2327
2328
2329
2329
2330
2330
2331
2331
2332
2332
2333
2141
2334
2142
2335
2333
2336
2337
2338
2144
2339
2340
2146
2341
2342
2148
2343
2344
2150
2345
2346
2152
2347
2348
2154
2349
2350
2156
2351
2352
2353
2354
2355
2356
2163
2357
2358
2355
2359
2360
2361
2362
2363
2362
2364
2365
2366
2367
2368
2369
2370
2371
2372
2373
2374
2375
2372
2376
2377
2378
2377
2379
2380
2381
2382
2383
2384
2385
2384
2386
2387
2388
2386
2388
2389
2390
2387
2390
2391
2392
2391
2393
2392
2394
2394
2395
2395
2396
2397
2191
2397
2398
2398
2399
2399
2400
2400
2401
2401
2402
2402
2403
2403
2404
2404
2405
2405
2406
2216
2406
2407
2203
2408
2409
2206
2410
2230
2411
2412
2413
2219
2414
2414
2415
2416
2417
2418
2419
2420
2421
2422
2423
2424
2425
2426
2427
2427
2428
2429
2224
2426
2430
2428
2431
2431
2432
2432
2433
2229
2433
2434
2435
2436
2437
2438
2439
2236
2237
2440
2441
2442
2443
2444
2445
2446
2447
2448
2449
2450
2451
2451
2452
2452
2453
2453
2454
2454
2455
2455
2456
2456
2457
2458
2459
2256
2460
2461
2259
2462
2463
2462
2464
2262
2465
2466
2467
2468
2465
2468
2469
2470
2467
2470
2471
2472
2472
2473
2474
2475
2475
2476
2469
2476
2477
2478
2477
2479
2478
2480
2481
2482
2480
2481
2482
2483
2484
2483
2485
2486
2487
2473
2479
2488
2489
2490
2491
2492
2474
2492
2464
2491
2493
2494
2493
2495
2494
2496
2496
2497
2497
2498
2498
2499
2499
2500
2297
2501
2501
2502
2503
2502
2504
2505
2506
2507
2307
2506
2507
2508
2508
2509
2509
2510
2511
2510
2512
2512
2513
2513
2514
2514
2515
2515
2516
2516
2517
2517
2518
2518
2519
2519
2520
2520
2521
2521
2522
2522
2523
2524
2525
2523
2525
2526
2527
2524
2527
2326
2528
2526
2528
2529
2530
2531
2531
2532
2533
2534
2535
2536
2537
2538
2539
2538
2540
2337
2541
2539
2540
2542
2542
2543
2543
2544
2544
2545
2545
2546
2546
2547
2547
2548
2548
2549
2549
2550
2550
2551
2551
2552
2552
2553
2553
2554
2554
2555
2555
2556
2393
2556
2356
2557
2558
2559
2560
2561
2359
2561
2562
2560
2563
2389
2563
2564
2366
2565
2566
2567
2568
2569
2570
2396
2568
2371
2571
2566
2572
2375
2573
2574
2575
2374
2576
2577
2578
2579
2580
2581
2580
2582
2583
2584
2584
2585
2383
2586
2385
2587
2588
2589
2590
2591
2592
2593
2594
2595
2596
2597
2598
2599
2600
2601
2602
2603
2604
2605
2606
2607
2608
2609
2610
2611
2411
2612
2612
2613
2613
2614
2614
2615
2616
2615
2617
2415
2617
2618
2619
2620
2621
2621
2622
2622
2623
2623
2624
2624
2625
2625
2626
2627
2628
2620
2628
2626
2629
2629
2630
2631
2632
2633
2457
2634
2634
2635
2636
2637
2638
2639
2640
2639
2641
2500
2642
2642
2643
2644
2645
2645
2646
2646
2647
2450
2647
2648
2649
2644
2649
2650
2651
2648
2651
2652
2653
2650
2653
2643
2654
2652
2654
2459
2557
2461
2655
2656
2655
2657
2658
2659
2471
2660
2661
2662
2663
2664
2665
2666
2667
2485
2668
2668
2669
2669
2670
2670
2671
2671
2672
2495
2672
2673
2674
2504
2675
2675
2676
2677
2678
2679
2680
2681
2676
2682
2683
2684
2685
2686
2687
2688
2689
2690
2691
2692
2693
2694
2695
2696
2697
2698
2699
2532
2700
2533
2701
2701
2702
2702
2703
2703
2704
2704
2705
2706
2707
2708
2705
2709
2710
2711
2712
2713
2714
2715
2716
2717
2718
2719
2720
2721
2722
2723
2724
2725
2559
2726
2727
2728
2729
2726
2730
2731
2732
2733
2732
2734
2735
2733
2736
2737
2570
2738
2734
2739
2740
2739
2741
2742
2743
2740
2742
2744
2745
2744
2746
2746
2747
2743
2747
2745
2748
2749
2750
2751
2750
2752
2751
2753
2754
2755
2756
2755
2757
2758
2759
2757
2759
2760
2761
2758
2761
2760
2762
2763
2764
2762
2764
2765
2766
2763
2766
2767
2768
2768
2769
2767
2770
2769
2771
2771
2772
2772
2773
2603
2774
2774
2775
2775
2776
2776
2777
2777
2778
2778
2779
2779
2780
2780
2781
2627
2781
2782
2783
2784
2785
2641
2786
2787
2630
2788
2788
2789
2635
2790
2790
2791
2791
2792
2792
2793
2793
2794
2640
2794
2657
2795
2795
2796
2660
2797
2798
2799
2797
2799
2800
2801
2798
2801
2802
2803
2803
2804
2800
2804
2796
2805
2802
2805
2682
2806
2806
2807
2807
2808
2808
2809
2809
2810
2810
2811
2811
2812
2812
2813
2813
2814
2814
2815
2815
2816
2816
2817
2817
2818
2818
2819
2819
2820
2820
2821
2821
2822
2823
2824
2822
2824
2825
2826
2823
2826
2700
2825
2827
2828
2709
2827
2828
2829
2829
2830
2830
2831
2831
2832
2832
2833
2833
2834
2834
2835
2835
2836
2836
2837
2837
2838
2838
2839
2839
2840
2840
2841
2841
2842
2842
2843
2770
2843
2727
2844
2845
2846
2847
2730
2847
2848
2765
2846
2849
2850
2851
2736
2741
2852
2773
2853
2853
2854
2855
2856
2857
2858
2859
2860
2861
2862
2863
2749
2864
2752
2865
2866
2867
2754
2868
2756
2869
2870
2871
2872
2873
2874
2875
2876
2877
2878
2879
2880
2786
2881
2881
2882
2882
2883
2883
2884
2789
2884
2845
2885
2886
2887
2885
2888
2889
2890
2890
2891
2854
2889
2891
2892
2893
2894
2894
2895
2892
2893
2895
2896
2896
2897
2898
2899
2899
2900
2898
2901
2897
2901
2900
2902
2903
2904
2904
2905
2902
2903
2905
2906
2907
2908
2906
2907
2908
2909
2910
2911
2909
2910
2912
2913
2911
2912
2913
2914
2915
2916
2914
2915
2917
2918
2916
2917
2918
2919
2888
2919
-1
-1
-1
-1
-1
-1
-1
-1
-1
-1
-1
-1
-1
-1
-1
-1
-1
-1
-1
-1
-1
-1
-1
-1
-1
-1
-1
-1
-1
-1
-1
-1
-1
-1
-1
-1
-1
-1
-1
-1
-1
-1
-1
-1
-1
-1
-1
-1
-1
-1
-1
-1
-1
-1
-1
-1
-1
-1
-1
-1
-1
-1
-1
-1
-1
-1
-1
-1
-1
-1
-1
-1
-1
-1
-1
-1
-1
-1
-1
-1
-1
-1
-1
-1
-1
-1
-1
-1
-1
-1
-1
-1
-1
-1
-1
-1
-1
-1
-1
-1
-1
-1
-1
-1
-1
-1
-1
-1
-1
-1
-1
-1
-1
-1
-1
-1
-1
-1
-1
-1
-1
-1
-1
-1
-1
-1
-1
-1
-1
-1
-1
-1
-1
-1
-1
-1
-1
-1
-1
-1
-1
-1
-1
-1
-1
-1
-1
-1
-1
-1
-1
-1
-1
-1
-1
-1
-1
-1
-1
-1
-1
-1
-1
-1
-1
-1
-1
-1
-1
-1
-1
-1
-1
-1
-1
-1
-1
-1
-1
-1
-1
-1
-1
-1
-1
-1
-1
-1
-1
-1
-1
-1
-1
-1
-1
-1
-1
-1
-1
-1
-1
-1
-1
-1
-1
-1
-1
-1
-1
-1
-1
-1
-1
-1
-1
-1
-1
-1
-1
-1
-1
-1
-1
-1
-1
-1
-1
-1
-1
-1
-1
-1
-1
-1
-1
-1
-1
-1
-1
-1
-1
-1
-1
-1
-1
-1
-1
-1
-1
-1
-1
-1
-1
-1
-1
-1
-1
-1
-1
-1
-1
-1
-1
-1
-1
-1
-1
-1
-1
-1
-1
-1
-1
-1
-1
-1
-1
-1
-1
-1
-1
-1
-1
-1
-1
-1
-1
-1
-1
-1
-1
-1
-1
-1
-1
-1
-1
-1
-1
-1
-1
-1
-1
-1
-1
-1
-1
-1
-1
-1
-1
-1
-1
-1
-1
-1
-1
-1
-1
-1
-1
-1
-1
-1
-1
-1
-1
-1
-1
-1
-1
-1
-1
-1
-1
-1
-1
-1
-1
-1
-1
-1
-1
-1
-1
-1
-1
-1
-1
-1
-1
-1
-1
-1
-1
-1
-1
-1
-1
-1
-1
-1
-1
-1
-1
-1
-1
-1
-1
-1
-1
-1
-1
-1
-1
-1
-1
-1
-1
-1
-1
-1
-1
-1
-1
-1
-1
-1
-1
-1
-1
-1
-1
-1
-1
-1
-1
-1
-1
-1
-1
-1
-1
-1
-1
-1
-1
-1
-1
-1
-1
-1
-1
-1
-1
-1
-1
-1
-1
-1
-1
-1
-1
-1
-1
-1
-1
-1
-1
-1
-1
-1
-1
-1
-1
-1
-1
-1
-1
-1
-1
-1
-1
-1
-1
-1
-1
-1
-1
-1
-1
-1
-1
-1
-1
-1
-1
-1
-1
-1
-1
-1
-1
-1
-1
-1
-1
-1
-1
-1
-1
-1
-1
-1
-1
-1
-1
-1
-1
-1
-1
-1
-1
-1
-1
-1
-1
-1
-1
-1
-1
-1
-1
-1
-1
-1
-1
-1
-1
-1
-1
-1
-1
-1
-1
-1
-1
-1
-1
-1
-1
-1
-1
-1
-1
-1
-1
-1
-1
-1
-1
-1
-1
-1
-1
-1
-1
-1
-1
-1
-1
-1
-1
-1
-1
-1
-1
-1
-1
-1
-1
-1
-1
-1
-1
-1
-1
-1
-1
-1
-1
-1
-1
-1
-1
-1
-1
-1
-1
-1
-1
-1
-1
-1
-1
-1
-1
-1
-1
-1
-1
-1
-1
-1
-1
-1
-1
-1
-1
-1
-1
-1
-1
-1
-1
-1
-1
-1
-1
-1
-1
-1
-1
-1
-1
-1
-1
-1
-1
-1
-1
-1
-1
-1
-1
-1
-1
-1
-1
-1
-1
-1
-1
-1
-1
-1
-1
-1
-1
-1
-1
-1
-1
-1
-1
-1
-1
-1
-1
-1
-1
-1
-1
-1
-1
-1
-1
-1
-1
-1
-1
-1
-1
-1
-1
-1
-1
-1
-1
-1
-1
-1
-1
-1
-1
-1
-1
-1
-1
-1
-1
-1
-1
-1
-1
-1
-1
-1
-1
-1
-1
-1
-1
-1
-1
-1
-1
-1
-1
-1
-1
-1
-1
-1
-1
-1
-1
-1
-1
-1
-1
-1
-1
-1
-1
-1
-1
-1
-1
-1
-1
-1
-1
-1
-1
-1
-1
-1
-1
-1
-1
-1
-1
-1
-1
-1
-1
-1
-1
-1
-1
-1
-1
-1
-1
-1
-1
-1
-1
-1
-1
-1
-1
-1
-1
-1
-1
-1
-1
-1
-1
-1
-1
-1
-1
-1
-1
-1
-1
-1
-1
-1
-1
-1
-1
-1
-1
-1
-1
-1
-1
-1
-1
-1
-1
-1
-1
-1
-1
-1
-1
-1
-1
-1
-1
-1
-1
-1
-1
-1
-1
-1
-1
-1
-1
-1
-1
-1
-1
-1
-1
-1
-1
-1
-1
-1
-1
-1
-1
-1
-1
-1
-1
-1
-1
-1
-1
-1
-1
-1
-1
-1
-1
-1
-1
-1
-1
-1
-1
-1
-1
-1
-1
-1
-1
-1
-1
-1
-1
-1
-1
-1
-1
-1
-1
-1
-1
-1
-1
-1
-1
-1
-1
-1
-1
-1
-1
-1
-1
-1
-1
-1
-1
-1
-1
-1
-1
-1
-1
-1
-1
-1
-1
-1
-1
-1
-1
-1
-1
-1
-1
-1
-1
-1
-1
-1
-1
-1
-1
-1
-1
-1
-1
-1
-1
-1
-1
-1
-1
-1
-1
-1
-1
-1
-1
-1
-1
-1
-1
-1
-1
-1
-1
-1
-1
-1
-1
-1
-1
-1
-1
-1
-1
-1
-1
-1
-1
-1
-1
-1
-1
-1
-1
-1
-1
-1
-1
-1
-1
-1
-1
-1
-1
-1
-1
-1
-1
-1
-1
-1
-1
-1
-1
-1
-1
-1
-1
-1
-1
-1
-1
-1
-1
-1
-1
-1
-1
-1
-1
-1
-1
-1
-1
-1
-1
-1
-1
-1
-1
-1
-1
-1
-1
-1
-1
-1
-1
-1
-1
-1
-1
-1
-1
-1
-1
-1
-1
-1
-1
-1
-1
-1
-1
-1
-1
-1
-1
-1
-1
-1
-1
-1
-1
-1
-1
-1
-1
-1
-1
-1
-1
-1
-1
-1
-1
-1
-1
-1
-1
-1
-1
-1
-1
-1
-1
-1
-1
-1
-1
-1
-1
-1
-1
-1
-1
-1
-1
-1
-1
-1
-1
-1
-1
-1
-1
-1
-1
-1
-1
-1
-1
-1
-1
-1
-1
-1
-1
-1
-1
-1
-1
-1
-1
-1
-1
-1
-1
-1
-1
-1
-1
-1
-1
-1
-1
-1
-1
-1
-1
-1
-1
-1
-1
-1
-1
-1
-1
-1
-1
-1
-1
-1
-1
-1
-1
-1
-1
-1
-1
-1
-1
-1
-1
-1
-1
-1
-1
-1
-1
-1
-1
-1
-1
-1
-1
-1
-1
-1
-1
-1
-1
-1
-1
-1
-1
-1
-1
-1
-1
-1
-1
-1
-1
-1
-1
-1
-1
-1
-1
-1
-1
-1
-1
-1
-1
-1
-1
-1
-1
-1
-1
-1
-1
-1
-1
-1
-1
-1
-1
-1
-1
-1
-1
-1
-1
-1
-1
-1
-1
-1
-1
-1
-1
-1
-1
-1
-1
-1
-1
-1
-1
-1
-1
-1
-1
-1
-1
-1
-1
-1
-1
-1
-1
-1
-1
-1
-1
-1
-1
-1
-1
-1
-1
-1
-1
-1
-1
-1
-1
-1
-1
-1
-1
-1
-1
-1
-1
-1
-1
-1
-1
-1
-1
-1
-1
-1
-1
-1
-1
-1
-1
-1
-1
-1
-1
-1
-1
-1
-1
-1
-1
-1
-1
-1
-1
-1
-1
-1
-1
-1
-1
-1
-1
-1
-1
-1
-1
-1
-1
-1
-1
-1
-1
-1
-1
-1
-1
-1
-1
-1
-1
-1
-1
-1
-1
-1
-1
-1
-1
-1
-1
-1
-1
-1
-1
-1
-1
-1
-1
-1
-1
-1
-1
-1
-1
-1
-1
-1
-1
-1
-1
-1
-1
-1
-1
-1
-1
-1
-1
-1
-1
-1
-1
-1
-1
-1
-1
-1
-1
-1
-1
-1
-1
-1
-1
-1
-1
-1
-1
-1
-1
-1
-1
-1
-1
-1
-1
-1
-1
-1
-1
-1
-1
-1
-1
-1
-1
-1
-1
-1
-1
-1
-1
-1
-1
-1
-1
-1
-1
-1
-1
-1
-1
-1
-1
-1
-1
-1
-1
-1
-1
-1
-1
-1
-1
-1
-1
-1
-1
-1
-1
-1
-1
-1
-1
-1
-1
-1
-1
-1
-1
-1
-1
-1
-1
-1
-1
-1
-1
-1
-1
-1
-1
-1
-1
-1
-1
-1
-1
-1
-1
-1
-1
-1
-1
-1
-1
-1
-1
-1
-1
-1
-1
-1
-1
-1
-1
-1
-1
-1
-1
-1
-1
-1
-1
-1
-1
-1
-1
-1
-1
-1
-1
-1
-1
-1
-1
-1
-1
-1
-1
-1
-1
-1
-1
-1
-1
-1
-1
-1
-1
-1
-1
-1
-1
-1
-1
-1
-1
-1
-1
-1
-1
-1
-1
-1
-1
-1
-1
-1
-1
-1
-1
-1
-1
-1
-1
-1
-1
-1
-1
-1
-1
-1
-1
-1
-1
-1
-1
-1
-1
-1
-1
-1
-1
-1
-1
-1
-1
-1
-1
-1
-1
-1
-1
-1
-1
-1
-1
-1
-1
-1
-1
-1
-1
-1
-1
-1
-1
-1
-1
-1
-1
-1
-1
-1
-1
-1
-1
-1
-1
-1
-1
-1
-1
-1
-1
-1
-1
-1
-1
-1
-1
-1
-1
-1
-1
-1
-1
-1
-1
-1
-1
-1
-1
-1
-1
-1
-1
-1
-1
-1
-1
-1
-1
-1
-1
-1
-1
-1
-1
-1
-1
-1
-1
-1
-1
-1
-1
-1
-1
-1
-1
-1
-1
-1
-1
-1
-1
-1
-1
-1
-1
-1
-1
-1
-1
-1
-1
-1
-1
-1
-1
-1
-1
-1
-1
-1
-1
-1
-1
-1
-1
-1
-1
-1
-1
-1
-1
-1
-1
-1
-1
-1
-1
-1
-1
-1
-1
-1
-1
-1
-1
-1
-1
-1
-1
-1
-1
-1
-1
-1
-1
-1
-1
-1
-1
-1
-1
-1
-1
-1
-1
-1
-1
-1
-1
-1
-1
-1
-1
-1
-1
-1
-1
-1
-1
-1
-1
-1
-1
-1
-1
-1
-1
-1
-1
-1
-1
-1
-1
-1
-1
-1
-1
-1
-1
-1
-1
-1
-1
-1
-1
-1
-1
-1
-1
-1
-1
-1
-1
-1
-1
-1
-1
-1
-1
-1
-1
-1
-1
-1
-1
-1
-1
-1
-1
-1
-1
-1
-1
-1
-1
-1
-1
-1
-1
-1
-1
-1
-1
-1
-1
-1
-1
-1
-1
-1
-1
-1
-1
-1
-1
-1
-1
-1
-1
-1
-1
-1
-1
-1
-1
-1
-1
-1
-1
-1
-1
-1
-1
-1
-1
-1
-1
-1
-1
-1
-1
-1
-1
-1
-1
-1
-1
-1
-1
-1
-1
-1
-1
-1
-1
-1
-1
-1
-1
-1
-1
-1
-1
-1
-1
-1
-1
-1
-1
-1
-1
-1
-1
-1
-1
-1
-1
-1
-1
-1
-1
-1
-1
-1
-1
-1
-1
-1
-1
-1
-1
-1
-1
-1
-1
-1
-1
-1
-1
-1
-1
-1
-1
-1
-1
-1
-1
-1
-1
-1
-1
-1
-1
-1
-1
-1
-1
-1
-1
-1
-1
-1
-1
-1
-1
-1
-1
-1
-1
-1
-1
-1
-1
-1
-1
-1
-1
-1
-1
-1
-1
-1
-1
-1
-1
-1
-1
-1
-1
-1
-1
-1
-1
-1
-1
-1
-1
-1
-1
-1
-1
-1
-1
-1
-1
-1
-1
-1
-1
-1
-1
-1
-1
-1
-1
-1
-1
-1
-1
-1
-1
-1
-1
-1
-1
-1
-1
-1
-1
-1
-1
-1
-1
-1
-1
-1
-1
-1
-1
-1
-1
-1
-1
-1
-1
-1
-1
-1
-1
-1
-1
-1
-1
-1
-1
-1
-1
-1
-1
-1
-1
-1
-1
-1
-1
-1
-1
-1
-1
-1
-1
-1
-1
-1
-1
-1
-1
-1
-1
-1
-1
-1
-1
-1
-1
-1
-1
-1
-1
-1
-1
-1
-1
-1
-1
-1
-1
-1
-1
-1
-1
-1
-1
-1
-1
-1
-1
-1
-1
-1
-1
-1
-1
-1
-1
-1
-1
-1
-1
-1
-1
-1
-1
-1
-1
-1
-1
-1
-1
-1
-1
-1
-1
-1
-1
-1
-1
-1
-1
-1
-1
-1
-1
-1
-1
-1
-1
-1
-1
-1
-1
-1
-1
-1
-1
-1
-1
-1
-1
-1
-1
-1
-1
-1
-1
-1
-1
-1
-1
-1
-1
-1
-1
-1
-1
-1
-1
-1
-1
-1
-1
-1
-1
-1
-1
-1
-1
-1
-1
-1
-1
-1
-1
-1
-1
-1
-1
-1
-1
-1
-1
-1
-1
-1
-1
-1
-1
-1
-1
-1
-1
-1
-1
-1
-1
-1
-1
-1
-1
-1
-1
-1
-1
-1
-1
-1
-1
-1
-1
-1
-1
-1
-1
-1
-1
-1
-1
-1
-1
-1
-1
-1
-1
-1
-1
-1
-1
-1
-1
-1
-1
-1
-1
-1
-1
-1
-1
-1
-1
-1
-1
-1
-1
-1
-1
-1
-1
-1
-1
-1
-1
-1
-1
-1
-1
-1
-1
-1
-1
-1
-1
-1
-1
-1
-1
-1
-1
-1
-1
-1
-1
-1
-1
-1
-1
-1
-1
-1
-1
-1
-1
-1
-1
-1
-1
-1
-1
-1
-1
-1
-1
-1
-1
-1
-1
-1
-1
-1
-1
-1
-1
-1
-1
-1
-1
-1
-1
-1
-1
-1
-1
-1
-1
-1
-1
-1
-1
-1
-1
-1
-1
-1
-1
-1
-1
-1
-1
-1
-1
-1
-1
-1
-1
-1
-1
-1
-1
-1
-1
-1
-1
-1
-1
-1
-1
-1
-1
-1
-1
-1
-1
-1
-1
-1
-1
-1
-1
-1
-1
-1
-1
-1
-1
-1
-1
-1
-1
-1
-1
-1
-1
-1
-1
-1
-1
-1
-1
-1
-1
-1
-1
-1
-1
-1
-1
-1
-1
-1
-1
-1
-1
-1
-1
-1
-1
-1
-1
-1
-1
-1
-1
-1
-1
-1
-1
-1
-1
-1
-1
-1
-1
-1
-1
-1
-1
-1
-1
-1
-1
-1
-1
-1
-1
-1
-1
-1
-1
-1
-1
-1
-1
-1
-1
-1
-1
-1
-1
-1
-1
-1
-1
-1
-1
-1
-1
-1
-1
-1
-1
-1
-1
-1
-1
-1
-1
-1
-1
-1
-1
-1
-1
-1
-1
-1
-1
-1
-1
-1
-1
-1
-1
-1
-1
-1
-1
-1
-1
-1
-1
-1
-1
-1
-1
-1
-1
-1
-1
-1
-1
-1
-1
-1
-1
-1
-1
-1
-1
-1
-1
-1
-1
-1
-1
-1
-1
-1
-1
-1
-1
-1
-1
-1
-1
-1
-1
-1
-1
-1
-1
-1
-1
-1
-1
-1
-1
-1
-1
-1
-1
-1
-1
-1
-1
-1
-1
-1
-1
-1
-1
-1
-1
-1
-1
-1
-1
-1
-1
-1
-1
-1
-1
-1
-1
-1
-1
-1
-1
-1
-1
-1
-1
-1
-1
-1
-1
-1
-1
-1
-1
-1
-1
-1
-1
-1
-1
-1
-1
-1
-1
-1
-1
-1
-1
-1
-1
-1
-1
-1
-1
-1
-1
-1
-1
-1
-1
-1
-1
-1
-1
-1
-1
-1
-1
-1
-1
-1
-1
-1
-1
-1
-1
-1
-1
-1
-1
-1
-1
-1
-1
-1
-1
-1
-1
-1
-1
-1
-1
-1
-1
-1
-1
-1
-1
-1
-1
-1
-1
-1
-1
-1
-1
-1
-1
-1
-1
-1
-1
-1
-1
-1
-1
-1
-1
-1
-1
-1
-1
-1
-1
-1
-1
-1
-1
-1
-1
-1
-1
-1
-1
-1
-1
-1
-1
-1
-1
-1
-1
-1
-1
-1
-1
-1
-1
-1
-1
-1
-1
-1
-1
-1
-1
-1
-1
-1
-1
-1
-1
-1
-1
-1
-1
-1
-1
-1
-1
-1
-1
-1
-1
-1
-1
-1
-1
-1
-1
-1
-1
-1
-1
-1
-1
-1
-1
-1
-1
-1
-1
-1
-1
-1
-1
-1
-1
-1
-1
-1
-1
-1
-1
-1
-1
-1
-1
-1
-1
-1
-1
-1
-1
-1
-1
-1
-1
-1
-1
-1
-1
-1
-1
-1
-1
-1
-1
-1
-1
-1
-1
-1
-1
-1
-1
-1
-1
-1
-1
-1
-1
-1
-1
-1
-1
-1
-1
-1
-1
-1
-1
-1
-1
-1
-1
-1
-1
-1
-1
-1
-1
-1
-1
-1
-1
-1
-1
-1
-1
-1
-1
-1
-1
-1
-1
-1
-1
-1
-1
-1
-1
-1
-1
-1
-1
-1
-1
-1
-1
-1
-1
-1
-1
-1
-1
-1
-1
-1
-1
-1
-1
-1
-1
-1
-1
-1
-1
-1
-1
-1
-1
-1
-1
-1
-1
-1
-1
-1
-1
-1
-1
-1
-1
-1
-1
-1
-1
-1
-1
-1
-1
-1
-1
-1
-1
-1
-1
-1
-1
-1
-1
-1
-1
-1
-1
-1
-1
-1
-1
-1
-1
-1
-1
-1
-1
-1
-1
-1
-1
-1
-1
-1
-1
-1
-1
-1
-1
-1
-1
-1
-1
-1
-1
-1
-1
-1
-1
-1
-1
-1
-1
-1
-1
-1
-1
-1
-1
-1
-1
-1
-1
-1
-1
-1
-1
-1
-1
-1
-1
-1
-1
-1
-1
-1
-1
-1
-1
-1
-1
-1
-1
-1
-1
-1
-1
-1
-1
-1
-1
-1
-1
-1
-1
-1
-1
-1
-1
-1
-1
-1
-1
-1
-1
-1
-1
-1
-1
-1
-1
-1
-1
-1
-1
-1
-1
-1
-1
-1
-1
-1
-1
-1
-1
-1
-1
-1
-1
-1
-1
-1
-1
-1
-1
-1
-1
-1
-1
-1
-1
-1
-1
-1
-1
-1
-1
-1
-1
-1
-1
-1
-1
-1
-1
-1
-1
-1
-1
-1
-1
-1
-1
-1
-1
-1
-1
-1
-1
-1
-1
-1
-1
-1
-1
-1
-1
-1
-1
-1
-1
-1
-1
-1
-1
-1
-1
-1
-1
-1
-1
-1
-1
-1
-1
-1
-1
-1
-1
-1
-1
-1
-1
-1
-1
-1
-1
-1
-1
-1
-1
-1
-1
-1
-1
-1
-1
-1
-1
-1
-1
-1
-1
-1
-1
-1
-1
-1
-1
-1
-1
-1
-1
-1
-1
-1
-1
-1
-1
-1
-1
-1
-1
-1
-1
-1
-1
-1
-1
-1
-1
-1
-1
-1
-1
-1
-1
-1
-1
-1
-1
-1
-1
-1
-1
-1
-1
-1
-1
-1
-1
-1
-1
-1
-1
-1
-1
-1
-1
-1
-1
-1
-1
-1
-1
-1
-1
-1
-1
-1
-1
-1
-1
-1
-1
-1
-1
-1
-1
-1
-1
-1
-1
-1
-1
-1
-1
-1
-1
-1
-1
-1
-1
-1
-1
-1
-1
-1
-1
-1
-1
-1
-1
-1
-1
-1
-1
-1
-1
-1
-1
-1
-1
-1
-1
-1
-1
-1
-1
-1
-1
-1
-1
-1
-1
-1
-1
-1
-1
-1
-1
-1
-1
-1
-1
-1
-1
-1
-1
-1
-1
-1
-1
-1
-1
-1
-1
-1
-1
-1
-1
-1
-1
-1
-1
-1
-1
-1
-1
-1
-1
-1
-1
-1
-1
-1
-1
-1
-1
-1
-1
-1
-1
-1
-1
-1
-1
-1
-1
-1
-1
-1
-1
-1
-1
-1
-1
-1
-1
-1
-1
-1
-1
-1
-1
-1
-1
-1
-1
-1
-1
-1
-1
-1
-1
-1
-1
-1
-1
-1
-1
-1
-1
-1
-1
-1
-1
-1
-1
-1
-1
-1
-1
-1
-1
-1
-1
-1
-1
-1
-1
-1
-1
-1
-1
-1
-1
-1
-1
-1
-1
-1
-1
-1
-1
-1
-1
-1
-1
-1
-1
-1
-1
-1
-1
-1
-1
-1
-1
-1
-1
-1
-1
-1
-1
-1
-1
-1
-1
-1
-1
-1
-1
-1
-1
-1
-1
-1
-1
-1
-1
-1
-1
-1
-1
-1
-1
-1
-1
-1
-1
-1
-1
-1
-1
-1
-1
-1
-1
-1
-1
-1
-1
-1
-1
-1
-1
-1
-1
-1
-1
-1
-1
-1
-1
-1
-1
-1
-1
-1
-1
-1
-1
-1
-1
-1
-1
-1
-1
-1
-1
-1
-1
-1
-1
-1
-1
-1
-1
-1
-1
-1
-1
-1
-1
-1
-1
-1
-1
-1
-1
-1
-1
-1
-1
-1
-1
-1
-1
-1
-1
-1
-1
-1
-1
-1
-1
-1
-1
-1
-1
-1
-1
-1
-1
-1
-1
-1
-1
-1
-1
-1
-1
-1
-1
-1
-1
-1
-1
-1
-1
-1
-1
-1
-1
-1
-1
-1
-1
-1
-1
-1
-1
-1
-1
-1
-1
-1
-1
-1
-1
-1
-1
-1
-1
-1
-1
-1
-1
-1
-1
-1
-1
-1
-1
-1
-1
-1
-1
-1
-1
-1
-1
-1
-1
-1
-1
-1
-1
-1
-1
-1
-1
-1
-1
-1
-1
-1
-1
-1
-1
-1
-1
-1
-1
-1
-1
-1
-1
-1
-1
-1
-1
-1
-1
-1
-1
-1
-1
-1
-1
-1
-1
-1
-1
-1
-1
-1
-1
-1
-1
-1
-1
-1
-1
-1
-1
-1
-1
-1
-1
-1
-1
-1
-1
-1
-1
-1
-1
-1
-1
-1
-1
-1
-1
-1
-1
-1
-1
-1
-1
-1
-1
-1
-1
-1
-1
-1
-1
-1
-1
-1
-1
-1
-1
-1
-1
-1
-1
-1
-1
-1
-1
-1
-1
-1
-1
-1
-1
-1
-1
-1
-1
-1
-1
-1
-1
-1
-1
-1
-1
-1
-1
-1
-1
-1
-1
-1
-1
-1
-1
-1
-1
-1
-1
-1
-1
-1
-1
-1
-1
-1
-1
-1
-1
-1
-1
-1
-1
-1
-1
-1
-1
-1
-1
-1
-1
-1
-1
-1
-1
-1
-1
-1
-1
-1
-1
-1
-1
-1
-1
-1
-1
-1
-1
-1
-1
-1
-1
-1
-1
-1
-1
-1
-1
-1
-1
-1
-1
-1
-1
-1
-1
-1
-1
-1
-1
-1
-1
-1
-1
-1
-1
-1
-1
-1
-1
-1
-1
-1
-1
-1
-1
-1
-1
-1
-1
-1
-1
-1
-1
-1
-1
-1
-1
-1
-1
-1
-1
-1
-1
-1
-1
-1
-1
-1
-1
-1
-1
-1
-1
-1
-1
-1
-1
-1
-1
-1
-1
-1
-1
-1
-1
-1
-1
-1
-1
-1
-1
-1
-1
-1
-1
-1
-1
-1
-1
-1
-1
-1
-1
-1
-1
-1
-1
-1
-1
-1
-1
-1
-1
-1
-1
-1
-1
-1
-1
-1
-1
-1
-1
-1
-1
-1
-1
-1
-1
-1
-1
-1
-1
-1
-1
-1
-1
-1
-1
-1
-1
-1
-1
-1
-1
-1
-1
-1
-1
-1
-1
-1
-1
-1
-1
-1
-1
-1
-1
-1
-1
-1
-1
-1
-1
-1
-1
-1
-1
-1
-1
-1
-1
-1
-1
-1
-1
-1
-1
-1
-1
-1
-1
-1
-1
-1
-1
-1
-1
-1
-1
-1
-1
-1
-1
-1
-1
-1
-1
-1
-1
-1
-1
-1
-1
-1
-1
-1
-1
-1
-1
-1
-1
-1
-1
-1
-1
-1
-1
-1
-1
-1
-1
-1
-1
-1
-1
-1
-1
-1
-1
-1
-1
-1
-1
-1
-1
-1
-1
-1
-1
-1
-1
-1
-1
-1
-1
-1
-1
-1
-1
-1
-1
-1
-1
-1
-1
-1
-1
-1
-1
-1
-1
-1
-1
-1
-1
-1
-1
-1
-1
-1
-1
-1
-1
-1
-1
-1
-1
-1
-1
-1
-1
-1
-1
-1
-1
-1
-1
-1
-1
-1
-1
-1
-1
-1
-1
-1
-1
-1
-1
-1
-1
-1
-1
-1
-1
-1
-1
-1
-1
-1
-1
-1
-1
-1
-1
-1
-1
-1
-1
-1
-1
-1
-1
-1
-1
-1
-1
-1
-1
-1
-1
-1
-1
-1
-1
-1
-1
-1
-1
-1
-1
-1
-1
-1
-1
-1
-1
-1
-1
-1
-1
-1
-1
-1
-1
-1
-1
-1
-1
-1
-1
-1
-1
-1
-1
-1
-1
-1
-1
-1
-1
-1
-1
-1
-1
-1
-1
-1
-1
-1
-1
-1
-1
-1
-1
-1
-1
-1
-1
-1
-1
-1
-1
-1
-1
-1
-1
-1
-1
-1
-1
-1
-1
-1
-1
-1
-1
-1
-1
-1
-1
-1
-1
-1
-1
-1
-1
-1
-1
-1
-1
-1
-1
-1
-1
-1
-1
-1
-1
-1
-1
-1
-1
-1
-1
-1
-1
-1
-1
-1
-1
-1
-1
-1
-1
-1
-1
-1
-1
-1
-1
-1
-1
-1
-1
-1
-1
-1
-1
-1
-1
-1
-1
-1
-1
-1
-1
-1
-1
-1
-1
-1
-1
-1
-1
-1
-1
-1
-1
-1
-1
-1
-1
-1
-1
-1
-1
-1
-1
-1
-1
-1
-1
-1
-1
-1
-1
-1
-1
-1
-1
-1
-1
-1
-1
-1
-1
-1
-1
-1
-1
-1
-1
-1
-1
-1
-1
-1
-1
-1
-1
-1
-1
-1
-1
-1
-1
-1
-1
-1
-1
-1
-1
-1
-1
-1
-1
-1
-1
-1
-1
-1
-1
-1
-1
-1
-1
-1
-1
-1
-1
-1
-1
-1
-1
-1
-1
-1
-1
-1
-1
-1
-1
-1
-1
-1
-1
-1
-1
-1
-1
-1
-1
-1
-1
-1
-1
-1
-1
-1
-1
-1
-1
-1
-1
-1
-1
-1
-1
-1
-1
-1
-1
-1
-1
-1
-1
-1
-1
-1
-1
-1
-1
-1
-1
-1
-1
-1
-1
-1
-1
-1
-1
-1
-1
-1
-1
-1
-1
-1
-1
-1
-1
-1
-1
-1
-1
-1
-1
-1
-1
-1
-1
-1
-1
-1
-1
-1
-1
-1
-1
-1
-1
-1
-1
-1
-1
-1
-1
-1
-1
-1
-1
-1
-1
-1
-1
-1
-1
-1
-1
-1
-1
-1
-1
-1
-1
-1
-1
-1
-1
-1
-1
-1
-1
-1
-1
-1
-1
-1
-1
-1
-1
-1
-1
-1
-1
-1
-1
-1
-1
-1
-1
-1
-1
-1
-1
-1
-1
-1
-1
-1
-1
-1
-1
-1
-1
-1
-1
-1
-1
-1
-1
-1
-1
-1
-1
-1
-1
-1
-1
-1
-1
-1
-1
-1
-1
-1
-1
-1
-1
-1
-1
-1
-1
-1
-1
-1
-1
-1
-1
-1
-1
-1
-1
-1
-1
-1
-1
-1
-1
-1
-1
-1
-1
-1
-1
-1
-1
-1
-1
-1
-1
-1
-1
-1
-1
-1
-1
-1
-1
-1
-1
-1
-1
-1
-1
-1
-1
-1
-1
-1
-1
-1
-1
-1
-1
-1
-1
-1
-1
-1
-1
-1
-1
-1
-1
-1
-1
-1
-1
-1
-1
-1
-1
-1
-1
-1
-1
-1
-1
-1
-1
-1
-1
-1
-1
-1
-1
-1
-1
-1
-1
-1
-1
-1
-1
-1
-1
-1
-1
-1
-1
-1
-1
-1
-1
-1
-1
-1
-1
-1
-1
-1
-1
-1
-1
-1
-1
-1
-1
-1
-1
-1
-1
-1
-1
-1
-1
-1
-1
-1
-1
-1
-1
-1
-1
-1
-1
-1
-1
-1
-1
-1
-1
-1
-1
-1
-1
-1
-1
-1
-1
-1
-1
-1
-1
-1
-1
-1
-1
-1
-1
-1
-1
-1
-1
-1
-1
-1
-1
-1
-1
-1
-1
-1
-1
-1
-1
-1
-1
-1
-1
-1
-1
-1
-1
-1
-1
-1
-1
-1
-1
-1
-1
-1
-1
-1
-1
-1
-1
-1
-1
-1
-1
-1
-1
-1
-1
-1
-1
-1
-1
-1
-1
-1
-1
-1
-1
-1
-1
-1
-1
-1
-1
-1
-1
-1
-1
-1
-1
-1
-1
-1
-1
-1
-1
-1
-1
-1
-1
-1
-1
-1
-1
-1
-1
-1
-1
-1
-1
-1
-1
-1
-1
-1
-1
-1
-1
-1
-1
-1
-1
-1
-1
-1
-1
-1
-1
-1
-1
-1
-1
-1
-1
-1
-1
-1
-1
-1
-1
-1
-1
-1
-1
-1
-1
-1
-1
-1
-1
-1
-1
-1
-1
-1
-1
-1
-1
-1
-1
-1
-1
-1
-1
-1
-1
-1
-1
-1
-1
-1
-1
-1
-1
-1
-1
-1
-1
-1
-1
-1
-1
-1
-1
-1
-1
-1
-1
-1
-1
-1
-1
-1
-1
-1
-1
-1
-1
-1
-1
-1
-1
-1
-1
-1
-1
-1
-1
-1
-1
-1
-1
-1
-1
-1
-1
-1
-1
-1
-1
-1
-1
-1
-1
-1
-1
-1
-1
-1
-1
-1
-1
-1
-1
-1
-1
-1
-1
-1
-1
-1
-1
-1
-1
-1
-1
-1
-1
-1
-1
-1
-1
-1
-1
-1
-1
-1
-1
-1
-1
-1
-1
-1
-1
-1
-1
-1
-1
-1
-1
-1
-1
-1
-1
-1
-1
-1
-1
-1
-1
-1
-1
-1
-1
-1
-1
-1
-1
-1
-1
-1
-1
-1
-1
-1
-1
-1
-1
-1
-1
-1
-1
-1
-1
-1
-1
-1
-1
-1
-1
-1
-1
-1
-1
-1
-1
-1
-1
-1
-1
-1
-1
-1
-1
-1
-1
-1
-1
-1
-1
-1
-1
-1
-1
-1
-1
-1
-1
-1
-1
-1
-1
-1
-1
-1
-1
-1
-1
-1
-1
-1
-1
-1
-1
-1
-1
-1
-1
-1
-1
-1
-1
-1
-1
-1
-1
-1
-1
-1
-1
-1
-1
-1
-1
-1
-1
-1
-1
-1
-1
-1
-1
-1
-1
-1
-1
-1
-1
-1
-1
-1
-1
-1
-1
-1
-1
-1
-1
-1
-1
-1
-1
-1
-1
-1
-1
-1
-1
-1
-1
-1
-1
-1
-1
-1
-1
-1
-1
-1
-1
-1
-1
-1
-1
-1
-1
-1
-1
-1
-1
-1
-1
-1
-1
-1
-1
-1
-1
-1
-1
-1
-1
-1
-1
-1
-1
-1
-1
-1
-1
-1
-1
-1
-1
-1
-1
-1
-1
-1
-1
-1
-1
-1
-1
-1
-1
-1
-1
-1
-1
-1
-1
-1
-1
-1
-1
-1
-1
-1
-1
-1
-1
-1
-1
-1
-1
-1
-1
-1
-1
-1
-1
-1
-1
-1
-1
-1
-1
-1
-1
-1
-1
-1
-1
-1
-1
-1
-1
-1
-1
-1
-1
-1
-1
-1
-1
-1
-1
-1
-1
-1
-1
-1
-1
-1
-1
-1
-1
-1
-1
-1
-1
-1
-1
-1
-1
-1
-1
-1
-1
-1
-1
-1
-1
-1
-1
-1
-1
-1
-1
-1
-1
-1
-1
-1
-1
-1
-1
-1
-1
-1
-1
-1
-1
-1
-1
-1
-1
-1
-1
-1
-1
-1
-1
-1
-1
-1
-1
-1
-1
-1
-1
-1
-1
-1
-1
-1
-1
-1
-1
-1
-1
-1
-1
-1
-1
-1
-1
-1
-1
-1
-1
-1
-1
-1
-1
-1
-1
-1
-1
-1
-1
-1
-1
-1
-1
-1
-1
-1
-1
-1
-1
-1
-1
-1
-1
-1
-1
-1
-1
-1
-1
-1
-1
-1
-1
-1
-1
-1
-1
-1
-1
-1
-1
-1
-1
-1
-1
-1
-1
-1
-1
-1
-1
-1
-1
-1
-1
-1
-1
-1
-1
-1
-1
-1
-1
-1
-1
-1
-1
-1
-1
-1
-1
-1
-1
-1
-1
-1
-1
-1
-1
-1
-1
-1
-1
-1
-1
-1
-1
-1
-1
-1
-1
-1
-1
-1
-1
-1
-1
-1
-1
-1
-1
-1
-1
-1
-1
-1
-1
-1
-1
-1
-1
-1
-1
-1
-1
-1
-1
-1
-1
-1
-1
-1
-1
-1
-1
-1
-1
-1
-1
-1
-1
-1
-1
-1
-1
-1
-1
-1
-1
-1
-1
-1
-1
-1
-1
-1
-1
-1
-1
-1
-1
-1
-1
-1
-1
-1
-1
-1
-1
-1
-1
-1
-1
-1
-1
-1
-1
-1
-1
-1
-1
-1
-1
-1
-1
-1
-1
-1
-1
-1
-1
-1
-1
-1
-1
-1
-1
-1
-1
-1
-1
-1
-1
-1
-1
-1
-1
-1
-1
-1
-1
-1
-1
-1
-1
-1
-1
-1
-1
-1
-1
-1
-1
-1
-1
-1
-1
-1
-1
-1
-1
-1
-1
-1
-1
-1
-1
-1
-1
-1
-1
-1
-1
-1
-1
-1
-1
-1
-1
-1
-1
-1
-1
-1
-1
-1
-1
-1
-1
-1
-1
-1
-1
-1
-1
-1
-1
-1
-1
-1
-1
-1
-1
-1
-1
-1
-1
-1
-1
-1
-1
-1
-1
-1
-1
-1
-1
-1
-1
-1
-1
-1
-1
-1
-1
-1
-1
-1
-1
-1
-1
-1
-1
-1
-1
-1
-1
-1
-1
-1
-1
-1
-1
-1
-1
-1
-1
-1
-1
-1
-1
-1
-1
-1
-1
-1
-1
-1
-1
-1
-1
-1
-1
-1
-1
-1
-1
-1
-1
-1
-1
-1
-1
-1
-1
-1
-1
-1
-1
-1
-1
-1
-1
-1
-1
-1
-1
-1
-1
-1
-1
-1
-1
-1
-1
-1
-1
-1
-1
-1
-1
-1
-1
-1
-1
-1
-1
-1
-1
-1
-1
-1
-1
-1
-1
-1
-1
-1
-1
-1
-1
-1
-1
-1
-1
-1
-1
-1
-1
-1
-1
-1
-1
-1
-1
-1
-1
-1
-1
-1
-1
-1
-1
-1
-1
-1
-1
-1
-1
-1
-1
-1
-1
-1
-1
-1
-1
-1
-1
-1
-1
-1
-1
-1
-1
-1
-1
-1
-1
-1
-1
-1
-1
-1
-1
-1
-1
-1
-1
-1
-1
-1
-1
-1
-1
-1
-1
-1
-1
-1
-1
-1
-1
-1
-1
-1
-1
-1
-1
-1
-1
-1
-1
-1
-1
-1
-1
-1
-1
-1
-1
-1
-1
-1
-1
-1
-1
-1
-1
-1
-1
-1
-1
-1
-1
-1
-1
-1
-1
-1
-1
-1
-1
-1
-1
-1
-1
-1
-1
-1
-1
-1
-1
-1
-1
-1
-1
-1
-1
-1
-1
-1
-1
-1
-1
-1
-1
-1
-1
-1
-1
-1
-1
-1
-1
-1
-1
-1
-1
-1
-1
-1
-1
-1
-1
-1
-1
-1
-1
-1
-1
-1
-1
-1
-1
-1
-1
-1
-1
-1
-1
-1
-1
-1
-1
-1
-1
-1
-1
-1
-1
-1
-1
-1
-1
-1
-1
-1
-1
-1
-1
-1
-1
-1
-1
-1
-1
-1
-1
-1
-1
-1
-1
-1
-1
-1
-1
-1
-1
-1
-1
-1
-1
-1
-1
-1
-1
-1
-1
-1
-1
-1
-1
-1
-1
-1
-1
-1
-1
-1
-1
-1
-1
-1
-1
-1
-1
-1
-1
-1
-1
-1
-1
-1
-1
-1
-1
-1
-1
-1
-1
-1
-1
-1
-1
-1
-1
-1
-1
-1
-1
-1
-1
-1
-1
-1
-1
-1
-1
-1
-1
-1
-1
-1
-1
-1
-1
-1
-1
-1
-1
-1
-1
-1
-1
-1
-1
-1
-1
-1
-1
-1
-1
-1
-1
-1
-1
-1
-1
-1
-1
-1
-1
-1
-1
-1
-1
-1
-1
-1
-1
-1
-1
-1
-1
-1
-1
-1
-1
-1
-1
-1
-1
-1
-1
-1
-1
-1
-1
-1
-1
-1
-1
-1
-1
-1
-1
-1
-1
-1
-1
-1
-1
-1
-1
-1
-1
-1
-1
-1
-1
-1
-1
-1
-1
-1
-1
-1
-1
-1
-1
-1
-1
-1
-1
-1
-1
-1
-1
-1
-1
-1
-1
-1
-1
-1
-1
-1
-1
-1
-1
-1
-1
-1
-1
-1
-1
-1
-1
-1
-1
-1
-1
-1
-1
-1
-1
-1
-1
-1
-1
-1
-1
-1
-1
-1
-1
-1
-1
-1
-1
-1
-1
-1
-1
-1
-1
-1
-1
-1
-1
-1
-1
-1
-1
-1
-1
-1
-1
-1
-1
-1
-1
-1
-1
-1
-1
-1
-1
-1
-1
-1
-1
-1
-1
-1
-1
-1
-1
-1
-1
-1
-1
-1
-1
-1
-1
-1
-1
-1
-1
-1
-1
-1
-1
-1
-1
-1
-1
-1
-1
-1
-1
-1
-1
-1
-1
-1
-1
-1
-1
-1
-1
-1
-1
-1
-1
-1
-1
-1
-1
-1
-1
-1
-1
-1
-1
-1
-1
-1
-1
-1
-1
-1
-1
-1
-1
-1
-1
-1
-1
-1
-1
-1
-1
-1
-1
-1
-1
-1
-1
-1
-1
-1
-1
-1
-1
-1
-1
-1
-1
-1
-1
-1
-1
-1
-1
-1
-1
-1
-1
-1
-1
-1
-1
-1
-1
-1
-1
-1
-1
-1
-1
-1
-1
-1
-1
-1
-1
-1
-1
-1
-1
-1
-1
-1
-1
-1
-1
-1
-1
-1
-1
-1
-1
-1
-1
-1
-1
-1
-1
-1
-1
-1
-1
-1
-1
-1
-1
-1
-1
-1
-1
-1
-1
-1
-1
-1
-1
-1
-1
-1
-1
-1
-1
-1
-1
-1
)


// ************************************************************************* //
