/*--------------------------------*- C++ -*----------------------------------*\
| =========                 |                                                 |
| \\      /  F ield         | OpenFOAM: The Open Source CFD Toolbox           |
|  \\    /   O peration     | Version:  1.4.1                                 |
|   \\  /    A nd           | Web:      http://www.openfoam.org               |
|    \\/     M anipulation  |                                                 |
\*---------------------------------------------------------------------------*/

FoamFile
{
    version 2.0;
    format ascii;

    root "/home/elisa/TESI/MESHES";
    case "NACA64A010";
    instance "constant";
    local "polyMesh";

    class labelList;

    note "nCells:2920 nActiveFaces:10332 nActivePoints:3144";

    object owner;
}

// * * * * * * * * * * * * * * * * * * * * * * * * * * * * * * * * * * * * * //


10332
(
0
0
1
1
2
2
3
3
4
5
6
6
7
7
8
9
9
10
10
11
11
12
12
13
14
14
15
16
17
18
18
19
19
20
21
21
22
23
23
24
24
25
25
26
26
27
27
28
29
29
30
31
31
32
33
34
35
36
36
37
38
38
39
39
40
41
41
42
43
43
44
44
45
45
46
46
47
47
48
48
49
50
50
51
52
52
53
54
54
55
56
57
58
59
60
60
61
62
63
63
64
64
65
65
66
67
67
68
69
69
70
70
71
71
72
72
73
73
74
74
75
75
76
76
77
78
79
79
80
81
81
82
83
83
84
85
86
87
88
89
90
90
91
92
93
94
94
95
95
96
96
97
97
98
99
99
100
101
101
102
102
103
103
104
104
105
105
106
106
107
107
108
108
109
109
110
110
111
112
113
114
114
115
116
116
117
118
118
119
120
121
122
123
124
125
126
126
127
128
129
130
131
131
132
132
133
133
134
134
135
135
136
137
137
138
139
139
140
140
141
141
142
142
143
143
144
144
145
145
146
146
147
147
148
148
149
149
150
150
151
152
153
154
155
155
156
157
157
158
159
159
160
161
162
163
164
165
166
167
168
168
169
170
171
172
173
174
174
175
175
176
176
177
177
178
178
179
179
180
181
181
182
183
183
184
184
185
185
186
186
187
187
188
188
189
189
190
190
191
191
192
192
193
193
194
194
195
195
196
196
197
198
199
200
201
202
202
203
204
204
205
206
206
207
208
209
210
211
212
213
214
215
216
216
217
218
219
220
221
222
223
223
224
224
225
225
226
226
227
227
228
228
229
229
230
231
231
232
233
233
234
234
235
235
236
236
237
237
238
238
239
239
240
240
241
241
242
242
243
243
244
244
245
245
246
246
247
247
248
248
249
250
251
252
253
254
255
255
256
257
257
258
259
259
260
261
262
263
264
265
266
267
268
269
270
270
271
272
273
274
275
276
277
277
278
278
279
279
280
280
281
281
282
282
283
283
284
284
285
286
286
287
288
288
289
290
290
291
291
292
292
293
293
294
294
295
295
296
296
297
297
298
298
299
299
300
300
301
301
302
302
303
303
304
304
305
305
306
306
307
307
308
309
310
311
312
313
314
315
315
316
316
317
318
318
319
320
320
321
322
323
324
325
326
326
327
328
329
330
331
332
333
333
334
335
336
337
338
339
339
340
341
342
343
343
344
344
345
345
346
346
347
347
348
348
349
349
350
350
351
351
352
353
353
354
354
355
355
356
357
358
359
359
360
360
361
361
362
362
363
363
364
364
365
365
366
366
367
367
368
368
369
370
370
371
371
372
372
373
373
374
374
375
375
376
376
377
377
378
378
379
380
381
382
383
384
385
386
386
387
388
388
389
389
390
391
392
392
394
394
395
395
396
397
398
399
400
401
401
402
403
404
405
406
406
407
407
408
408
409
410
411
412
412
413
413
414
414
415
416
417
418
418
419
420
421
421
422
422
423
423
424
424
425
425
426
426
427
427
428
428
429
429
430
430
431
432
432
433
434
435
436
437
438
439
439
440
440
441
441
442
442
443
443
444
444
445
445
446
446
447
447
448
448
449
450
451
451
452
452
453
453
454
454
455
455
456
457
457
458
458
459
460
460
461
462
462
463
463
464
465
465
466
467
468
469
470
471
473
474
474
475
476
476
477
477
478
479
479
480
480
481
481
482
483
484
485
486
487
488
488
489
489
490
491
492
493
493
494
495
496
497
498
499
499
500
500
501
502
503
503
504
505
506
506
507
507
508
508
509
510
510
511
511
512
512
513
513
514
514
515
516
516
517
517
518
518
519
519
520
521
522
522
523
524
525
526
526
527
528
529
529
530
530
531
531
532
532
533
533
534
534
535
535
536
537
537
538
538
539
539
540
540
541
541
542
542
543
543
544
545
545
546
546
547
548
548
549
550
551
552
552
553
554
555
557
558
559
560
561
562
562
563
564
564
565
565
566
566
567
567
568
568
569
569
570
570
571
571
572
573
574
575
576
577
577
578
578
579
579
580
581
582
582
583
584
585
586
587
588
588
589
589
590
591
591
592
592
593
594
595
595
596
596
597
597
598
598
599
599
600
601
601
602
602
603
603
604
604
605
605
606
606
607
607
608
608
609
610
611
612
613
614
615
616
616
617
618
619
620
620
621
621
622
622
623
623
624
624
625
626
626
627
628
628
629
629
630
630
631
631
632
632
633
633
634
634
635
635
636
637
638
639
639
640
640
641
641
642
643
644
645
645
646
646
647
648
650
651
652
653
654
654
655
656
656
657
658
658
659
659
660
660
661
661
662
663
663
664
664
665
665
666
666
667
667
668
668
669
670
671
672
673
673
674
675
675
676
677
677
678
679
680
681
682
682
683
684
684
685
686
687
688
688
689
689
690
690
691
692
693
694
694
695
695
696
696
697
698
698
699
699
700
700
701
702
702
703
703
704
704
705
705
706
706
707
707
708
708
709
709
710
711
712
713
713
714
715
716
717
718
719
719
720
720
721
722
723
723
724
724
725
725
726
726
727
727
728
728
729
729
730
731
731
732
732
733
733
734
734
735
736
736
737
738
738
739
740
740
741
742
743
743
744
744
745
745
746
746
747
748
749
750
750
751
751
752
753
753
754
756
757
758
759
760
760
761
762
763
763
764
765
765
766
766
767
767
768
768
769
770
770
771
771
772
772
773
773
774
774
775
775
776
776
777
777
778
778
779
780
781
781
782
783
784
784
785
785
786
787
788
789
789
790
790
791
791
792
792
793
793
794
794
795
796
796
797
798
798
799
799
800
801
802
803
804
804
805
805
806
806
807
808
808
809
809
810
810
811
811
812
812
813
814
814
815
815
816
816
817
817
818
818
819
819
820
821
821
822
822
823
824
825
826
826
827
828
829
830
831
832
833
833
834
834
835
836
837
838
839
840
840
841
841
842
842
843
843
844
845
846
847
847
848
848
849
849
850
851
851
852
852
853
853
854
855
856
856
857
857
858
859
860
861
861
862
862
863
863
864
864
865
866
867
868
868
869
869
870
870
871
871
872
873
874
875
877
877
878
879
880
881
882
882
883
884
884
885
885
886
887
888
888
889
889
890
890
891
891
892
893
893
894
894
895
895
896
896
897
897
898
898
899
899
900
900
901
901
902
902
903
903
904
904
905
906
907
907
908
909
909
910
910
911
911
912
913
914
915
915
916
917
918
919
920
920
921
921
922
922
923
924
924
925
925
926
927
928
929
930
930
931
932
933
933
934
934
935
935
936
936
937
938
939
940
940
941
941
942
942
943
943
944
945
945
946
947
947
948
948
949
949
950
950
951
952
952
953
953
954
955
955
956
957
958
959
960
960
961
961
962
963
964
965
966
967
968
968
969
970
971
972
973
974
975
975
976
976
977
977
978
978
979
980
981
981
982
982
983
983
984
984
985
985
986
986
987
987
988
989
990
991
991
992
992
993
994
994
995
995
996
996
997
997
998
998
999
999
1000
1000
1001
1002
1003
1003
1004
1005
1006
1006
1007
1007
1008
1008
1009
1010
1011
1012
1012
1013
1014
1015
1016
1017
1018
1018
1019
1020
1020
1021
1022
1022
1023
1023
1024
1024
1025
1026
1027
1027
1028
1028
1029
1029
1030
1030
1031
1031
1032
1032
1033
1033
1034
1035
1035
1036
1036
1037
1037
1038
1038
1039
1039
1040
1040
1041
1041
1042
1042
1043
1043
1044
1044
1045
1045
1046
1047
1048
1049
1049
1050
1050
1051
1051
1052
1053
1054
1055
1056
1057
1058
1058
1059
1059
1060
1060
1061
1061
1062
1063
1064
1064
1065
1065
1066
1067
1068
1069
1070
1071
1072
1073
1073
1074
1074
1075
1075
1076
1076
1077
1077
1078
1079
1080
1080
1081
1082
1082
1083
1083
1084
1084
1085
1085
1086
1086
1087
1087
1088
1089
1089
1090
1090
1091
1091
1092
1092
1093
1094
1095
1095
1096
1097
1097
1098
1099
1099
1100
1100
1101
1102
1103
1103
1104
1105
1105
1106
1106
1107
1108
1109
1110
1111
1112
1113
1114
1114
1115
1116
1117
1118
1119
1120
1121
1122
1122
1123
1123
1124
1125
1126
1127
1128
1128
1129
1129
1130
1130
1131
1131
1132
1132
1133
1133
1134
1134
1135
1136
1136
1137
1138
1138
1139
1139
1140
1140
1141
1142
1143
1143
1144
1145
1145
1146
1146
1147
1147
1148
1148
1149
1150
1151
1152
1152
1153
1154
1154
1155
1156
1156
1157
1157
1158
1158
1159
1159
1160
1160
1161
1161
1162
1162
1163
1164
1164
1165
1166
1166
1167
1168
1169
1170
1171
1172
1173
1174
1174
1175
1175
1176
1176
1177
1177
1178
1178
1179
1179
1180
1181
1181
1182
1182
1183
1184
1184
1185
1185
1186
1186
1187
1187
1188
1188
1189
1190
1190
1191
1191
1192
1192
1193
1193
1194
1194
1195
1195
1196
1196
1197
1197
1198
1198
1199
1199
1200
1200
1201
1201
1202
1202
1203
1203
1204
1204
1205
1205
1206
1207
1207
1208
1209
1209
1210
1210
1211
1211
1212
1212
1213
1214
1215
1216
1217
1218
1219
1220
1221
1221
1222
1222
1223
1223
1224
1225
1226
1226
1227
1227
1228
1228
1229
1230
1231
1232
1233
1233
1234
1235
1236
1236
1237
1237
1238
1238
1239
1239
1240
1240
1241
1241
1242
1242
1243
1244
1244
1245
1245
1246
1247
1247
1248
1248
1249
1249
1250
1250
1251
1251
1252
1252
1253
1253
1254
1254
1255
1255
1256
1257
1258
1258
1259
1259
1260
1261
1261
1262
1262
1263
1263
1264
1265
1265
1266
1267
1268
1269
1269
1270
1271
1272
1272
1273
1274
1275
1275
1276
1276
1277
1277
1278
1279
1280
1281
1281
1282
1283
1284
1285
1285
1286
1287
1287
1288
1289
1290
1290
1291
1291
1292
1293
1293
1294
1295
1296
1297
1298
1299
1299
1300
1300
1301
1301
1302
1303
1303
1304
1305
1305
1306
1307
1307
1308
1309
1309
1310
1310
1311
1311
1312
1313
1314
1314
1315
1316
1317
1317
1318
1318
1319
1319
1320
1320
1321
1321
1322
1322
1323
1323
1324
1324
1325
1326
1327
1327
1328
1329
1329
1330
1331
1331
1332
1333
1334
1334
1335
1335
1336
1336
1337
1337
1338
1338
1339
1339
1340
1340
1341
1342
1343
1344
1345
1345
1346
1347
1348
1349
1350
1350
1351
1352
1352
1353
1353
1354
1354
1355
1356
1357
1358
1359
1360
1361
1362
1363
1363
1364
1364
1365
1367
1368
1368
1369
1370
1371
1371
1372
1373
1373
1374
1374
1375
1375
1376
1377
1377
1378
1378
1379
1379
1380
1381
1381
1382
1383
1384
1385
1385
1386
1386
1387
1387
1388
1388
1389
1389
1390
1390
1391
1391
1392
1392
1393
1393
1394
1395
1395
1396
1396
1397
1397
1398
1398
1399
1399
1400
1400
1401
1401
1402
1402
1403
1403
1404
1404
1405
1406
1407
1407
1408
1409
1409
1410
1410
1411
1411
1412
1412
1413
1413
1414
1414
1415
1415
1416
1416
1417
1417
1418
1419
1419
1420
1420
1421
1421
1422
1422
1423
1423
1424
1425
1425
1426
1426
1427
1428
1428
1429
1429
1430
1430
1431
1432
1433
1433
1434
1435
1435
1436
1437
1438
1438
1439
1439
1440
1441
1442
1442
1443
1444
1444
1445
1446
1446
1447
1448
1449
1449
1450
1451
1452
1453
1454
1454
1455
1455
1456
1456
1457
1457
1458
1458
1459
1459
1460
1460
1461
1461
1462
1462
1463
1464
1464
1465
1466
1467
1468
1468
1469
1469
1470
1470
1471
1471
1472
1472
1473
1473
1474
1474
1475
1475
1476
1477
1478
1479
1479
1480
1481
1481
1482
1482
1483
1483
1484
1485
1485
1486
1487
1488
1488
1489
1489
1490
1491
1492
1493
1494
1494
1495
1496
1497
1497
1498
1498
1499
1499
1500
1501
1502
1503
1504
1505
1506
1507
1507
1508
1509
1510
1510
1511
1512
1513
1514
1515
1516
1516
1517
1518
1519
1520
1521
1521
1522
1522
1523
1524
1524
1525
1526
1527
1528
1529
1530
1531
1532
1533
1533
1534
1535
1536
1536
1537
1538
1539
1539
1540
1540
1541
1542
1542
1543
1544
1544
1545
1545
1546
1546
1547
1547
1548
1548
1549
1549
1550
1550
1551
1551
1552
1552
1553
1553
1554
1555
1555
1556
1556
1557
1558
1558
1559
1559
1560
1561
1562
1562
1563
1563
1564
1564
1565
1565
1566
1566
1567
1567
1568
1568
1569
1570
1571
1572
1573
1573
1574
1574
1575
1575
1576
1577
1577
1578
1578
1579
1580
1581
1582
1582
1583
1584
1584
1585
1585
1586
1586
1587
1588
1589
1590
1591
1592
1593
1594
1595
1595
1596
1596
1597
1597
1598
1599
1599
1600
1601
1602
1603
1603
1604
1605
1605
1606
1606
1607
1607
1608
1608
1609
1609
1610
1610
1611
1611
1612
1612
1613
1613
1614
1615
1615
1616
1617
1618
1618
1619
1619
1620
1620
1621
1621
1622
1622
1623
1623
1624
1624
1625
1625
1626
1627
1627
1628
1628
1629
1629
1630
1630
1631
1631
1632
1632
1633
1633
1634
1634
1635
1635
1636
1636
1637
1637
1638
1638
1639
1639
1640
1640
1641
1642
1643
1643
1644
1645
1645
1646
1646
1647
1647
1648
1648
1649
1649
1650
1650
1651
1651
1652
1652
1653
1654
1655
1655
1656
1656
1657
1658
1658
1659
1659
1660
1661
1662
1662
1663
1664
1664
1665
1666
1667
1668
1669
1670
1671
1672
1673
1673
1674
1675
1676
1677
1677
1678
1679
1680
1681
1682
1683
1683
1684
1684
1685
1686
1687
1688
1688
1689
1690
1690
1691
1692
1692
1693
1693
1694
1695
1696
1696
1697
1697
1698
1698
1699
1699
1700
1701
1701
1702
1702
1703
1703
1704
1704
1705
1705
1706
1706
1707
1707
1708
1708
1709
1710
1710
1711
1712
1713
1713
1714
1714
1715
1715
1716
1716
1717
1717
1718
1718
1719
1719
1720
1720
1721
1721
1722
1723
1723
1724
1724
1725
1726
1726
1727
1727
1728
1728
1729
1729
1730
1730
1731
1732
1732
1733
1733
1734
1735
1736
1737
1737
1738
1738
1739
1739
1740
1741
1741
1742
1742
1743
1743
1744
1745
1745
1746
1746
1747
1748
1749
1749
1750
1750
1751
1751
1752
1753
1754
1755
1755
1756
1757
1757
1758
1758
1759
1759
1760
1761
1762
1763
1763
1764
1764
1765
1765
1766
1766
1767
1768
1768
1769
1769
1770
1771
1771
1772
1773
1774
1774
1775
1775
1776
1777
1777
1778
1779
1780
1781
1782
1783
1784
1785
1786
1786
1787
1787
1788
1788
1789
1790
1790
1791
1792
1793
1794
1795
1796
1797
1798
1799
1800
1800
1801
1802
1803
1803
1804
1805
1805
1806
1806
1807
1808
1808
1809
1809
1810
1810
1811
1811
1812
1812
1813
1813
1814
1814
1815
1815
1816
1816
1817
1817
1818
1818
1819
1819
1820
1820
1821
1821
1822
1822
1823
1823
1824
1825
1826
1827
1827
1828
1828
1829
1829
1830
1830
1831
1831
1832
1832
1833
1834
1834
1835
1835
1836
1836
1837
1837
1838
1838
1839
1840
1841
1842
1843
1843
1844
1845
1846
1847
1848
1849
1850
1851
1852
1852
1853
1853
1854
1855
1855
1856
1856
1857
1857
1858
1858
1859
1860
1861
1861
1862
1862
1863
1863
1864
1864
1865
1866
1866
1867
1868
1868
1869
1870
1870
1871
1872
1873
1873
1874
1875
1875
1876
1876
1877
1877
1878
1878
1879
1880
1881
1881
1882
1883
1884
1884
1885
1886
1886
1887
1887
1888
1888
1889
1889
1890
1890
1891
1891
1892
1892
1893
1893
1894
1894
1895
1896
1896
1897
1897
1898
1898
1899
1899
1900
1900
1901
1902
1903
1903
1904
1904
1905
1905
1906
1907
1907
1908
1908
1909
1909
1910
1910
1911
1911
1912
1913
1913
1914
1914
1915
1915
1916
1917
1917
1918
1918
1919
1919
1920
1921
1921
1922
1923
1923
1924
1925
1925
1926
1926
1927
1927
1928
1928
1929
1929
1930
1931
1931
1932
1932
1933
1933
1934
1934
1935
1935
1936
1936
1937
1937
1938
1938
1939
1939
1940
1940
1941
1941
1942
1942
1943
1943
1944
1944
1945
1945
1946
1946
1947
1947
1948
1949
1949
1950
1951
1952
1952
1953
1953
1954
1954
1955
1955
1956
1956
1957
1957
1958
1958
1959
1959
1960
1960
1961
1961
1962
1963
1964
1964
1965
1965
1966
1967
1967
1968
1969
1970
1970
1971
1972
1973
1974
1975
1976
1977
1978
1979
1980
1981
1981
1982
1982
1983
1984
1984
1985
1986
1986
1987
1987
1988
1989
1990
1990
1991
1992
1993
1994
1995
1996
1997
1998
1999
2000
2000
2001
2002
2003
2004
2005
2006
2006
2007
2007
2008
2008
2009
2009
2010
2011
2011
2012
2012
2013
2013
2014
2014
2015
2015
2016
2016
2017
2017
2018
2018
2019
2019
2020
2020
2021
2021
2022
2023
2023
2024
2025
2025
2026
2026
2027
2028
2028
2029
2030
2030
2031
2031
2032
2032
2033
2033
2034
2035
2035
2036
2036
2037
2037
2038
2038
2039
2039
2040
2040
2041
2041
2042
2042
2043
2043
2044
2044
2045
2045
2046
2047
2048
2048
2049
2050
2051
2052
2053
2054
2054
2055
2055
2056
2056
2057
2057
2058
2059
2060
2060
2061
2062
2062
2063
2063
2064
2064
2065
2066
2067
2068
2069
2070
2071
2072
2073
2074
2075
2075
2076
2077
2078
2079
2080
2080
2081
2082
2082
2083
2083
2084
2085
2085
2086
2086
2087
2087
2088
2089
2090
2091
2091
2092
2093
2094
2095
2095
2096
2097
2098
2099
2100
2101
2102
2103
2103
2104
2105
2105
2106
2107
2108
2109
2110
2111
2111
2112
2113
2114
2115
2116
2117
2118
2119
2120
2121
2121
2122
2123
2123
2124
2124
2125
2126
2126
2127
2128
2129
2130
2130
2131
2131
2132
2133
2134
2134
2135
2135
2136
2136
2137
2137
2138
2138
2139
2139
2140
2140
2141
2142
2143
2143
2144
2145
2145
2146
2147
2147
2148
2149
2149
2150
2151
2151
2152
2153
2153
2154
2155
2155
2156
2157
2158
2159
2159
2160
2160
2161
2162
2162
2163
2164
2165
2165
2166
2166
2167
2167
2168
2169
2169
2170
2170
2171
2171
2172
2172
2173
2173
2174
2174
2175
2175
2176
2176
2177
2177
2178
2178
2179
2179
2180
2180
2181
2181
2182
2182
2183
2183
2184
2184
2185
2185
2186
2186
2187
2187
2188
2188
2189
2190
2190
2191
2192
2192
2193
2193
2194
2194
2195
2195
2196
2196
2197
2197
2198
2198
2199
2199
2200
2200
2201
2202
2202
2203
2204
2204
2205
2205
2206
2207
2208
2208
2209
2209
2210
2211
2212
2213
2214
2215
2216
2217
2218
2219
2220
2220
2221
2221
2222
2223
2223
2224
2225
2225
2226
2226
2227
2227
2228
2228
2229
2230
2231
2232
2233
2234
2235
2235
2236
2237
2238
2239
2240
2241
2242
2243
2244
2245
2246
2246
2247
2247
2248
2248
2249
2249
2250
2250
2251
2251
2252
2252
2253
2254
2255
2256
2257
2258
2258
2259
2260
2260
2261
2261
2262
2263
2263
2264
2264
2265
2265
2266
2266
2267
2267
2268
2268
2269
2269
2270
2270
2271
2271
2272
2272
2273
2273
2274
2274
2275
2275
2276
2276
2277
2277
2278
2279
2279
2280
2281
2282
2282
2283
2284
2285
2286
2286
2287
2287
2288
2288
2289
2289
2290
2290
2291
2291
2292
2292
2293
2293
2294
2294
2295
2295
2296
2296
2298
2298
2299
2300
2300
2301
2302
2302
2303
2303
2304
2304
2305
2305
2306
2306
2307
2308
2308
2309
2309
2310
2310
2311
2311
2312
2312
2313
2313
2314
2314
2315
2315
2316
2316
2317
2317
2318
2318
2319
2319
2320
2320
2321
2321
2322
2322
2323
2323
2324
2324
2325
2325
2326
2327
2327
2328
2328
2329
2330
2331
2332
2333
2334
2334
2335
2335
2336
2336
2337
2338
2338
2339
2339
2340
2340
2341
2341
2342
2342
2343
2343
2344
2344
2345
2345
2346
2346
2347
2347
2348
2348
2349
2349
2350
2350
2351
2351
2352
2352
2353
2353
2354
2354
2355
2356
2357
2357
2358
2358
2359
2360
2360
2361
2361
2362
2363
2363
2364
2364
2365
2365
2366
2367
2367
2368
2368
2369
2369
2370
2370
2371
2372
2373
2373
2374
2375
2376
2376
2377
2378
2378
2379
2379
2380
2380
2381
2381
2382
2382
2383
2384
2385
2386
2387
2388
2389
2390
2391
2392
2393
2394
2395
2396
2397
2398
2399
2400
2401
2402
2403
2404
2405
2406
2407
2407
2408
2408
2409
2409
2410
2410
2411
2412
2412
2413
2413
2414
2415
2416
2416
2417
2417
2418
2418
2419
2419
2420
2420
2421
2421
2422
2422
2423
2423
2424
2424
2425
2425
2426
2427
2428
2429
2429
2430
2430
2431
2432
2433
2434
2434
2435
2435
2436
2436
2437
2437
2438
2438
2439
2439
2440
2440
2441
2441
2442
2442
2443
2443
2444
2444
2445
2445
2446
2446
2447
2447
2448
2448
2449
2449
2458
2458
2460
2461
2462
2463
2463
2464
2465
2466
2466
2467
2468
2469
2470
2474
2475
2476
2484
2484
2486
2486
2487
2487
2488
2488
2489
2489
2490
2490
2491
2492
2503
2503
2505
2505
2506
2507
2508
2509
2510
2511
2511
2512
2513
2514
2515
2516
2517
2518
2519
2520
2521
2522
2523
2524
2525
2526
2527
2528
2529
2529
2530
2533
2534
2534
2535
2535
2536
2536
2537
2537
2538
2539
2540
2541
2541
2542
2543
2544
2545
2546
2547
2548
2549
2550
2551
2552
2553
2554
2555
2556
2557
2558
2558
2559
2560
2561
2562
2562
2563
2564
2564
2565
2565
2566
2567
2567
2568
2569
2569
2570
2571
2571
2572
2572
2573
2573
2574
2574
2575
2575
2576
2576
2577
2577
2578
2578
2579
2579
2580
2581
2581
2582
2582
2583
2583
2584
2585
2585
2586
2586
2587
2587
2588
2588
2589
2589
2590
2590
2591
2591
2592
2592
2593
2593
2594
2594
2595
2595
2596
2596
2597
2597
2598
2598
2599
2599
2600
2600
2601
2601
2602
2603
2604
2604
2605
2605
2606
2606
2607
2607
2608
2608
2609
2609
2610
2610
2611
2611
2612
2613
2614
2615
2616
2616
2617
2618
2618
2619
2619
2631
2631
2632
2632
2633
2633
2636
2636
2637
2637
2638
2638
2656
2656
2658
2658
2659
2659
2661
2661
2662
2662
2663
2663
2664
2664
2665
2665
2666
2666
2667
2667
2673
2673
2674
2674
2677
2677
2678
2678
2679
2679
2680
2680
2681
2681
2683
2683
2684
2684
2685
2685
2686
2686
2687
2687
2688
2688
2689
2689
2690
2690
2691
2691
2692
2692
2693
2693
2694
2694
2695
2695
2696
2696
2697
2697
2698
2698
2699
2699
2706
2706
2707
2707
2708
2708
2710
2710
2711
2711
2712
2712
2713
2713
2714
2714
2715
2715
2716
2716
2717
2717
2718
2718
2719
2719
2720
2720
2721
2721
2722
2722
2723
2723
2724
2724
2725
2726
2727
2728
2728
2729
2729
2730
2731
2731
2732
2733
2734
2735
2735
2736
2737
2737
2738
2738
2739
2740
2741
2742
2743
2744
2745
2746
2747
2748
2748
2749
2750
2751
2752
2753
2753
2754
2755
2756
2757
2758
2759
2760
2761
2762
2763
2764
2765
2766
2782
2782
2783
2783
2784
2784
2785
2785
2787
2787
2844
2844
2846
2847
2848
2848
2849
2849
2850
2850
2851
2851
2852
2852
2855
2855
2856
2856
2857
2857
2858
2858
2859
2859
2860
2860
2861
2861
2862
2862
2863
2863
2864
2864
2865
2865
2866
2866
2867
2867
2868
2868
2869
2869
2870
2870
2871
2871
2872
2872
2873
2873
2874
2874
2875
2875
2876
2876
2877
2877
2878
2878
2879
2879
2880
2880
2886
2886
2887
2887
84
119
160
207
260
321
331
269
0
4
15
32
55
5
215
167
125
89
59
35
17
1992
2502
2676
2701
2702
2703
2704
2705
2709
2827
2828
2829
2830
2831
2832
2833
2834
2835
2836
2837
2838
2839
2840
2841
2842
2843
2770
2767
2768
2769
2771
2772
2773
2853
2854
2889
2890
2891
2892
2893
2894
2895
2896
2897
2901
2898
2899
2900
2902
2903
2904
2905
2906
2907
2908
2909
2910
2911
2912
2913
2914
2915
2916
2917
2918
2919
2888
2885
2845
2725
1682
1824
2501
2675
2459
2255
2460
2655
2657
2795
2796
2805
2802
2803
2804
2800
2801
2798
2799
2797
2660
2471
2472
2473
2479
2477
2478
2480
2481
2482
2483
2485
2668
2669
2670
2671
2672
2495
2493
2494
2496
2497
2498
2499
2500
2642
2643
2654
2652
2653
2650
2651
2648
2649
2644
2645
2646
2647
2450
2451
2452
2453
2454
2455
2456
2457
2634
2635
2790
2791
2792
2793
1991
2297
2504
2682
2806
2807
2808
2809
2810
2811
2812
2813
2814
2815
2816
2817
2818
2819
2820
2821
2822
2824
2823
2826
2825
2700
2532
2531
2530
2794
2640
2639
2641
2786
2881
2882
2883
2884
2789
2788
2630
2629
2626
2625
2624
2623
2622
2621
2620
2628
2627
2781
2780
2779
2778
2777
2776
2775
2774
2602
2189
0
4
15
32
55
84
119
160
207
260
321
331
269
215
167
125
89
59
35
17
5
1824
1992
2297
2501
2502
2504
2675
2676
2682
2806
2807
2808
2809
2810
2811
2812
2813
2814
2815
2816
2817
2818
2819
2820
2821
2822
2824
2823
2826
2825
2700
2532
2531
2530
2701
2702
2703
2704
2705
2709
2827
2828
2829
2830
2831
2832
2833
2834
2835
2836
2837
2838
2839
2840
2841
2842
2843
2770
2767
2768
2769
2771
2772
2773
2853
2854
2889
2890
2891
2892
2893
2894
2895
2896
2897
2901
2898
2899
2900
2902
2903
2904
2905
2906
2907
2908
2909
2910
2911
2912
2913
2914
2915
2916
2917
2918
2919
2888
2885
2845
2725
2459
2255
2460
2655
2657
2795
2796
2805
2802
2803
2804
2800
2801
2798
2799
2797
2660
2471
2472
2473
2479
2477
2478
2480
2481
2482
2483
2485
2668
2669
2670
2671
2672
2495
2493
2494
2496
2497
2498
2499
2500
2642
2643
2654
2652
2653
2650
2651
2648
2649
2644
2645
2646
2647
2450
2451
2452
2453
2454
2455
2456
2457
2634
2635
2790
2791
2792
2793
2794
2640
2639
2641
2786
2881
2882
2883
2884
2789
2788
2630
2629
2626
2625
2624
2623
2622
2621
2620
2628
2627
2781
2780
2779
2778
2777
2776
2775
2774
2602
2189
1682
1991
2
1
9
23
43
69
101
139
183
233
290
358
299
241
190
145
106
73
46
25
10
1681
1826
2101
2296
2298
2300
2503
2505
2511
2677
2678
2679
2680
2681
2683
2684
2685
2686
2687
2688
2689
2690
2691
2692
2693
2694
2696
2695
2698
2697
2699
2529
2328
2327
2533
2534
2535
2536
2537
2541
2707
2706
2708
2710
2711
2712
2713
2714
2715
2716
2717
2718
2719
2720
2721
2722
2723
2724
2598
2596
2597
2599
2600
2601
2737
2738
2851
2849
2850
2852
2857
2855
2856
2858
2859
2863
2862
2860
2861
2864
2867
2865
2866
2868
2870
2869
2871
2873
2872
2875
2874
2876
2878
2877
2880
2879
2886
2887
2848
2844
2727
2557
2458
2254
2056
2256
2461
2463
2656
2658
2673
2674
2665
2666
2667
2663
2664
2661
2662
2659
2466
2267
2268
2282
2273
2272
2274
2276
2275
2277
2279
2484
2486
2487
2488
2489
2490
2290
2289
2291
2292
2293
2294
2295
2436
2437
2448
2449
2446
2447
2444
2445
2442
2443
2438
2439
2440
2441
2246
2247
2248
2249
2250
2251
2252
2429
2430
2631
2632
2633
2636
2637
2638
2434
2435
2616
2782
2783
2784
2785
2787
2619
2618
2425
2424
2421
2420
2419
2418
2417
2416
2423
2422
2611
2610
2609
2608
2607
2606
2605
2604
2603
2397
1993
1825
1559
6
3
13
30
53
82
117
158
205
258
319
393
330
268
214
166
124
88
58
34
16
1557
1558
1684
1920
2100
2102
2104
2299
2301
2307
2506
2507
2508
2509
2510
2512
2513
2514
2515
2516
2517
2518
2519
2520
2521
2522
2523
2525
2524
2527
2526
2528
2326
2132
2131
2329
2330
2331
2332
2333
2336
2539
2538
2540
2542
2543
2544
2545
2546
2547
2548
2549
2550
2551
2552
2553
2554
2555
2556
2393
2391
2392
2394
2395
2396
2568
2569
2734
2732
2733
2736
2741
2739
2740
2742
2743
2747
2746
2744
2745
2748
2752
2750
2751
2753
2756
2755
2757
2759
2758
2761
2760
2762
2764
2763
2766
2765
2846
2847
2730
2726
2559
2354
2253
2055
1881
2057
2257
2259
2462
2464
2491
2492
2474
2475
2476
2469
2470
2467
2468
2465
2262
2068
2069
2084
2074
2073
2076
2078
2077
2079
2081
2278
2280
2281
2283
2284
2285
2093
2092
2094
2095
2097
2098
2099
2231
2232
2244
2245
2242
2243
2240
2241
2238
2239
2233
2234
2236
2237
2046
2047
2049
2050
2051
2052
2053
2222
2224
2426
2427
2428
2431
2432
2433
2229
2230
2411
2612
2613
2614
2615
2617
2415
2414
2219
2218
2215
2214
2213
2212
2211
2210
2217
2216
2406
2405
2404
2403
2402
2401
2400
2399
2398
2190
1827
1683
1560
1444
11
8
7
21
41
67
99
137
181
231
288
355
367
298
240
189
144
105
72
45
24
1442
1443
1561
1761
1919
1921
1923
2103
2105
2111
2303
2302
2304
2305
2306
2308
2309
2310
2311
2312
2313
2314
2315
2316
2317
2318
2319
2321
2320
2323
2322
2325
2324
2130
1946
2133
2134
2135
2136
2137
2140
2337
2334
2335
2338
2339
2340
2341
2342
2343
2344
2345
2346
2347
2348
2349
2350
2351
2352
2353
2185
2184
2186
2187
2188
2367
2365
2570
2565
2564
2567
2735
2572
2571
2574
2573
2578
2577
2576
2575
2579
2749
2582
2581
2583
2754
2585
2586
2588
2587
2590
2589
2591
2593
2592
2595
2594
2731
2728
2729
2562
2558
2356
2158
2054
1880
1729
1882
2058
2060
2258
2260
2288
2286
2287
2269
2270
2271
2265
2266
2263
2264
2261
2063
1890
1903
1904
1894
1896
2075
1897
1898
1900
2080
2082
2083
2085
2086
2087
2091
1913
1914
1915
2096
1917
1918
2031
2032
2045
2043
2044
2041
2042
2039
2040
2037
2038
2033
2035
2235
2036
1873
1875
2048
1876
1877
1878
2023
2025
2223
2220
2221
2225
2226
2227
2228
2030
2205
2407
2408
2409
2410
2412
2413
2209
2208
2020
2019
2016
2015
2014
2013
2012
2018
2017
2200
2199
2198
2197
2196
2195
2194
2193
2192
2191
1994
1685
1445
1331
18
14
12
28
51
80
115
156
203
256
317
391
404
329
267
213
165
123
87
57
33
1328
1329
1446
1623
1760
1762
1763
1922
1924
1929
2107
2106
2108
2109
2110
2112
2113
2114
2115
2116
2117
2118
2119
2120
2121
2122
2123
2125
2124
2127
2126
2129
2128
1945
1786
1947
1948
1949
1950
1951
1953
2141
2138
2139
2142
2143
2144
2145
2146
2147
2148
2149
2150
2151
2152
2153
2154
2155
2156
2157
1987
1986
1988
1989
1990
2168
2167
2366
2363
2362
2364
2566
2369
2368
2371
2370
2375
2374
2373
2372
2376
2580
2378
2377
2379
2584
2380
2381
2383
2382
2385
2384
2386
2388
2387
2390
2389
2563
2560
2561
2359
2355
2159
1962
1879
1728
1601
1730
1883
1885
2059
2061
2090
2088
2089
2070
2071
2072
2066
2067
2064
2065
2062
1887
1737
1747
1748
1741
1742
1895
1743
1744
1745
1899
1901
1902
1905
1906
1907
1912
1755
1756
1757
1916
1758
1759
1859
1860
1872
1870
1871
1868
1869
1866
1867
1864
1865
1861
1862
2034
1863
1722
1723
1874
1724
1725
1726
1854
1855
2024
2021
2022
2026
2027
2028
2029
1858
2008
2201
2202
2203
2204
2206
2207
2011
2010
1852
1851
1848
1847
1846
1845
1844
1850
1849
2005
2004
2003
2002
2000
1999
1998
1997
1996
1995
1828
1562
1332
1334
1226
26
22
20
19
39
65
97
135
179
229
286
353
435
366
297
239
188
143
104
71
44
1223
1224
1330
1333
1505
1624
1625
1764
1769
1930
1925
1926
1927
1928
1932
1931
1933
1934
1936
1935
1938
1937
1940
1939
1941
1942
1943
1944
1785
1640
1787
1788
1790
1952
1954
1955
1956
1957
1958
1959
1960
1961
1821
1822
1823
1970
2165
2166
2169
2170
2172
2171
2173
2174
2175
2176
2177
2178
2179
2181
2180
2183
2182
2361
2360
2357
2358
2162
1963
1799
1800
1727
1600
1482
1483
1602
1732
1884
1886
1910
1911
1908
1909
1891
1892
1893
1889
1888
1734
1608
1615
1611
1612
1613
1746
1749
1750
1620
1621
1622
1714
1721
1720
1719
1718
1717
1715
1716
1595
1596
1597
1710
1853
1856
1857
1713
1841
2006
2007
2009
1843
1708
1707
1704
1703
1702
1701
1706
1705
1838
1837
1836
1835
2001
1832
1831
1834
1830
1829
1686
1447
1227
1229
1140
36
31
29
27
49
77
111
152
199
252
312
384
472
403
328
266
212
164
122
86
56
1137
1138
1225
1228
1390
1506
1507
1626
1629
1770
1765
1766
1767
1768
1772
1771
1773
1774
1776
1775
1778
1777
1780
1779
1781
1782
1783
1784
1639
1521
1641
1642
1644
1789
1791
1792
1793
1794
1795
1796
1797
1798
1678
1679
1680
1807
1968
1969
1971
1972
1974
1973
1975
1976
1977
1978
1979
1980
1981
1983
1982
1985
1984
2164
2163
2160
2161
1966
1803
1653
1654
1599
1369
1370
1485
1604
1731
1733
1753
1754
1751
1752
1738
1739
1740
1736
1735
1606
1489
1496
1492
1493
1494
1614
1616
1617
1502
1503
1504
1587
1594
1593
1592
1591
1590
1588
1589
1476
1477
1478
1583
1709
1711
1712
1586
1697
1839
1840
1842
1700
1581
1580
1577
1576
1575
1574
1579
1578
1695
1694
1693
1692
1833
1690
1689
1691
1688
1687
1563
1335
1141
1143
1064
42
47
40
37
38
63
94
131
175
225
281
347
427
447
365
296
238
187
142
103
70
1061
1062
1139
1284
1142
1391
1510
1627
1628
1630
1631
1632
1633
1634
1635
1636
1637
1638
1520
1405
1522
1524
1643
1645
1646
1647
1648
1649
1650
1651
1652
1677
1555
1556
1662
1805
1806
1808
1809
1811
1810
1812
1813
1814
1815
1816
1817
1818
1819
1820
1967
1964
1965
1657
1598
1533
1536
1481
1368
1263
1265
1372
1603
1605
1619
1618
1609
1610
1607
1487
1376
1381
1378
1379
1495
1497
1498
1499
1388
1389
1468
1479
1475
1474
1473
1472
1470
1469
1471
1363
1364
1464
1582
1584
1585
1467
1570
1696
1698
1699
1573
1462
1460
1459
1461
1568
1567
1565
1566
1564
1448
1230
1065
1067
1144
992
54
60
52
48
50
78
112
151
197
250
310
382
470
491
402
327
265
211
163
121
85
990
991
1063
1191
1066
1285
1394
1508
1509
1511
1512
1513
1514
1515
1516
1517
1518
1519
1404
1403
1299
1406
1408
1523
1525
1526
1527
1528
1529
1530
1531
1532
1554
1440
1441
1541
1660
1661
1663
1665
1667
1666
1668
1669
1670
1671
1672
1673
1674
1675
1676
1804
1801
1802
1656
1480
1418
1420
1262
1173
1174
1371
1484
1486
1501
1500
1490
1491
1488
1374
1375
1269
1274
1271
1272
1380
1382
1383
1384
1282
1283
1355
1365
1362
1361
1360
1359
1357
1356
1358
1255
1256
1351
1463
1465
1466
1354
1455
1454
1569
1571
1572
1458
1349
1347
1346
1348
1453
1452
1450
1451
1449
1336
1145
993
995
1068
924
66
68
74
61
62
64
95
132
174
223
279
345
425
515
446
364
295
237
186
141
102
922
923
994
1106
1032
1288
1392
1393
1395
1396
1398
1397
1400
1399
1401
1402
1298
1297
1199
1301
1407
1409
1410
1411
1412
1413
1414
1415
1416
1438
1439
1327
1426
1539
1540
1542
1544
1664
1545
1546
1547
1548
1549
1550
1551
1552
1553
1659
1658
1655
1535
1417
1367
1311
1313
1172
1091
1092
1264
1373
1387
1386
1385
1377
1267
1268
1177
1181
1179
1273
1275
1276
1277
1281
1190
1248
1258
1259
1253
1254
1251
1252
1249
1250
1257
1166
1244
1350
1352
1353
1247
1342
1341
1456
1457
1345
1242
1240
1241
1339
1340
1338
1337
1231
1069
925
927
996
858
81
83
90
75
76
79
113
153
198
249
308
379
466
556
485
397
322
261
208
161
120
855
856
926
1108
961
1193
1286
1287
1289
1290
1292
1291
1294
1293
1295
1296
1200
1198
1114
1201
1300
1302
1303
1304
1305
1306
1307
1308
1309
1325
1326
1222
1318
1424
1425
1427
1428
1543
1429
1430
1431
1432
1433
1434
1435
1436
1437
1538
1537
1534
1419
1310
1261
1208
1209
1090
1019
1020
1175
1266
1280
1279
1278
1270
1176
1178
1095
1098
1097
1180
1182
1183
1184
1189
1105
1159
1168
1169
1164
1165
1162
1163
1160
1161
1167
1085
1156
1243
1245
1246
1158
1236
1237
1343
1344
1239
1155
1153
1154
1234
1235
1233
1232
1146
997
859
861
928
857
796
98
91
100
107
92
93
96
133
176
224
278
343
422
511
531
441
359
291
234
184
140
794
860
893
1034
963
1192
1194
1195
1196
1197
1115
1113
1039
1116
1202
1203
1204
1205
1221
1136
1214
1317
1319
1320
1321
1322
1323
1324
1422
1423
1421
1312
1207
1366
1171
1123
1124
1018
949
1021
1093
1188
1187
1186
1185
1094
1096
1022
1024
1099
1100
1031
1081
1086
1084
1083
1082
1012
1078
1157
1080
1149
1150
1238
1152
1077
1076
1148
1147
1070
929
797
800
864
795
739
116
108
118
126
109
110
114
154
200
251
309
380
467
555
574
484
396
323
262
209
162
737
798
828
1033
894
1107
1109
1110
1111
1112
1040
1041
968
1042
1117
1118
1119
1120
1135
1059
1128
1213
1215
1216
1217
1218
1219
1220
1315
1316
1314
1210
1122
1260
1089
1048
1049
948
882
950
1030
1104
1103
1102
1101
1023
1027
951
953
1025
1026
960
1008
1013
1011
1010
1009
942
1006
1079
1007
1073
1074
1151
1075
1005
1004
1072
1071
998
862
743
740
799
803
738
686
136
127
128
138
146
129
130
134
177
226
280
344
423
512
600
530
440
360
292
235
185
736
684
741
770
962
829
1035
1036
1037
1038
969
970
899
971
1043
1044
1045
1060
988
1052
1129
1130
1131
1133
1132
1134
1212
1211
1125
1047
1206
1170
1017
978
977
881
818
883
959
1029
1028
952
956
885
884
954
955
891
939
943
941
940
874
937
938
1001
1002
1003
936
999
1000
930
801
690
687
742
746
685
633
157
147
148
159
168
149
150
155
201
253
311
381
468
557
649
572
483
398
324
263
210
683
632
688
715
895
771
964
965
966
967
900
901
834
902
972
973
974
989
983
920
981
1053
1054
1055
1057
1056
1058
1127
1126
1050
976
1121
1087
947
909
908
817
761
819
890
958
957
888
821
820
886
887
826
892
871
875
873
872
811
869
870
933
934
935
868
931
932
744
638
634
635
689
693
585
180
169
170
171
182
191
172
173
178
227
282
346
424
513
601
620
529
442
361
293
236
631
584
636
663
830
716
896
897
898
835
836
837
775
903
904
921
914
853
912
982
984
986
985
987
1051
979
907
1046
1088
1015
880
844
843
760
707
762
825
889
823
763
765
822
768
827
809
812
810
753
807
808
865
866
867
806
863
802
691
590
586
587
637
640
541
542
204
192
193
194
206
216
195
196
202
254
313
383
469
558
650
670
573
486
399
325
264
583
540
588
613
772
664
831
832
833
776
777
720
838
839
854
848
792
847
913
915
918
917
919
980
910
842
975
1016
945
816
784
783
706
656
708
767
824
766
709
710
764
713
769
751
754
752
699
750
804
805
749
745
639
589
546
543
591
593
497
498
230
217
218
219
220
232
242
221
222
228
283
348
426
514
602
701
621
532
443
362
294
539
496
544
567
717
614
773
774
721
722
667
778
793
788
734
787
849
916
851
852
911
845
906
782
1014
946
878
759
786
728
727
655
606
657
712
711
658
659
661
714
698
700
647
697
747
748
695
692
592
545
502
499
547
548
453
452
454
257
243
244
245
246
259
270
247
248
255
314
385
471
559
651
755
671
575
487
400
326
495
451
500
524
665
568
718
719
668
617
723
735
731
682
732
789
850
790
791
846
785
841
781
944
879
815
705
730
675
674
654
562
607
660
608
609
611
662
646
648
599
645
696
694
643
641
594
501
457
503
504
409
408
410
287
272
271
273
274
275
289
300
276
277
285
284
349
428
516
603
702
724
622
533
444
363
332
455
407
456
479
615
525
666
618
669
616
570
679
630
680
733
729
905
726
877
758
678
624
676
673
605
563
518
610
564
565
566
612
598
554
597
644
642
595
549
459
413
458
460
371
370
373
318
302
301
303
304
305
320
333
306
307
316
315
386
473
560
652
756
779
672
576
488
401
368
411
412
436
569
480
571
619
527
628
582
629
681
677
840
780
814
704
627
577
625
623
561
653
519
474
520
521
522
553
510
552
596
550
506
505
415
414
461
416
335
334
337
354
336
338
339
357
356
369
341
340
342
352
351
350
429
387
517
604
703
813
725
534
490
405
445
372
392
526
437
528
481
580
538
581
626
876
757
579
475
476
477
523
465
509
551
507
462
374
417
375
395
394
406
377
376
378
390
389
388
430
536
448
489
494
482
438
537
493
578
431
432
478
421
508
463
418
439
450
449
419
420
434
433
535
492
464
0
4
15
32
55
84
119
160
207
260
321
331
269
215
167
125
89
59
35
17
5
1824
1992
2297
2501
2502
2504
2675
2676
2682
2806
2807
2808
2809
2810
2811
2812
2813
2814
2815
2816
2817
2818
2819
2820
2821
2822
2824
2823
2826
2825
2700
2532
2531
2530
2701
2702
2703
2704
2705
2709
2827
2828
2829
2830
2831
2832
2833
2834
2835
2836
2837
2838
2839
2840
2841
2842
2843
2770
2767
2768
2769
2771
2772
2773
2853
2854
2889
2890
2891
2892
2893
2894
2895
2896
2897
2901
2898
2899
2900
2902
2903
2904
2905
2906
2907
2908
2909
2910
2911
2912
2913
2914
2915
2916
2917
2918
2919
2888
2885
2845
2725
2459
2255
2460
2655
2657
2795
2796
2805
2802
2803
2804
2800
2801
2798
2799
2797
2660
2471
2472
2473
2479
2477
2478
2480
2481
2482
2483
2485
2668
2669
2670
2671
2672
2495
2493
2494
2496
2497
2498
2499
2500
2642
2643
2654
2652
2653
2650
2651
2648
2649
2644
2645
2646
2647
2450
2451
2452
2453
2454
2455
2456
2457
2634
2635
2790
2791
2792
2793
2794
2640
2639
2641
2786
2881
2882
2883
2884
2789
2788
2630
2629
2626
2625
2624
2623
2622
2621
2620
2628
2627
2781
2780
2779
2778
2777
2776
2775
2774
2602
2189
1682
1991
2
1
9
23
43
69
101
139
183
233
290
358
299
241
190
145
106
73
46
25
10
1681
1826
2101
2296
2298
2300
2503
2505
2511
2677
2678
2679
2680
2681
2683
2684
2685
2686
2687
2688
2689
2690
2691
2692
2693
2694
2696
2695
2698
2697
2699
2529
2328
2327
2533
2534
2535
2536
2537
2541
2707
2706
2708
2710
2711
2712
2713
2714
2715
2716
2717
2718
2719
2720
2721
2722
2723
2724
2598
2596
2597
2599
2600
2601
2737
2738
2851
2849
2850
2852
2857
2855
2856
2858
2859
2863
2862
2860
2861
2864
2867
2865
2866
2868
2870
2869
2871
2873
2872
2875
2874
2876
2878
2877
2880
2879
2886
2887
2848
2844
2727
2557
2458
2254
2056
2256
2461
2463
2656
2658
2673
2674
2665
2666
2667
2663
2664
2661
2662
2659
2466
2267
2268
2282
2273
2272
2274
2276
2275
2277
2279
2484
2486
2487
2488
2489
2490
2290
2289
2291
2292
2293
2294
2295
2436
2437
2448
2449
2446
2447
2444
2445
2442
2443
2438
2439
2440
2441
2246
2247
2248
2249
2250
2251
2252
2429
2430
2631
2632
2633
2636
2637
2638
2434
2435
2616
2782
2783
2784
2785
2787
2619
2618
2425
2424
2421
2420
2419
2418
2417
2416
2423
2422
2611
2610
2609
2608
2607
2606
2605
2604
2603
2397
1993
1825
1559
6
3
13
30
53
82
117
158
205
258
319
393
330
268
214
166
124
88
58
34
16
1557
1558
1684
1920
2100
2102
2104
2299
2301
2307
2506
2507
2508
2509
2510
2512
2513
2514
2515
2516
2517
2518
2519
2520
2521
2522
2523
2525
2524
2527
2526
2528
2326
2132
2131
2329
2330
2331
2332
2333
2336
2539
2538
2540
2542
2543
2544
2545
2546
2547
2548
2549
2550
2551
2552
2553
2554
2555
2556
2393
2391
2392
2394
2395
2396
2568
2569
2734
2732
2733
2736
2741
2739
2740
2742
2743
2747
2746
2744
2745
2748
2752
2750
2751
2753
2756
2755
2757
2759
2758
2761
2760
2762
2764
2763
2766
2765
2846
2847
2730
2726
2559
2354
2253
2055
1881
2057
2257
2259
2462
2464
2491
2492
2474
2475
2476
2469
2470
2467
2468
2465
2262
2068
2069
2084
2074
2073
2076
2078
2077
2079
2081
2278
2280
2281
2283
2284
2285
2093
2092
2094
2095
2097
2098
2099
2231
2232
2244
2245
2242
2243
2240
2241
2238
2239
2233
2234
2236
2237
2046
2047
2049
2050
2051
2052
2053
2222
2224
2426
2427
2428
2431
2432
2433
2229
2230
2411
2612
2613
2614
2615
2617
2415
2414
2219
2218
2215
2214
2213
2212
2211
2210
2217
2216
2406
2405
2404
2403
2402
2401
2400
2399
2398
2190
1827
1683
1560
1444
11
8
7
21
41
67
99
137
181
231
288
355
367
298
240
189
144
105
72
45
24
1442
1443
1561
1761
1919
1921
1923
2103
2105
2111
2303
2302
2304
2305
2306
2308
2309
2310
2311
2312
2313
2314
2315
2316
2317
2318
2319
2321
2320
2323
2322
2325
2324
2130
1946
2133
2134
2135
2136
2137
2140
2337
2334
2335
2338
2339
2340
2341
2342
2343
2344
2345
2346
2347
2348
2349
2350
2351
2352
2353
2185
2184
2186
2187
2188
2367
2365
2570
2565
2564
2567
2735
2572
2571
2574
2573
2578
2577
2576
2575
2579
2749
2582
2581
2583
2754
2585
2586
2588
2587
2590
2589
2591
2593
2592
2595
2594
2731
2728
2729
2562
2558
2356
2158
2054
1880
1729
1882
2058
2060
2258
2260
2288
2286
2287
2269
2270
2271
2265
2266
2263
2264
2261
2063
1890
1903
1904
1894
1896
2075
1897
1898
1900
2080
2082
2083
2085
2086
2087
2091
1913
1914
1915
2096
1917
1918
2031
2032
2045
2043
2044
2041
2042
2039
2040
2037
2038
2033
2035
2235
2036
1873
1875
2048
1876
1877
1878
2023
2025
2223
2220
2221
2225
2226
2227
2228
2030
2205
2407
2408
2409
2410
2412
2413
2209
2208
2020
2019
2016
2015
2014
2013
2012
2018
2017
2200
2199
2198
2197
2196
2195
2194
2193
2192
2191
1994
1685
1445
1331
18
14
12
28
51
80
115
156
203
256
317
391
404
329
267
213
165
123
87
57
33
1328
1329
1446
1623
1760
1762
1763
1922
1924
1929
2107
2106
2108
2109
2110
2112
2113
2114
2115
2116
2117
2118
2119
2120
2121
2122
2123
2125
2124
2127
2126
2129
2128
1945
1786
1947
1948
1949
1950
1951
1953
2141
2138
2139
2142
2143
2144
2145
2146
2147
2148
2149
2150
2151
2152
2153
2154
2155
2156
2157
1987
1986
1988
1989
1990
2168
2167
2366
2363
2362
2364
2566
2369
2368
2371
2370
2375
2374
2373
2372
2376
2580
2378
2377
2379
2584
2380
2381
2383
2382
2385
2384
2386
2388
2387
2390
2389
2563
2560
2561
2359
2355
2159
1962
1879
1728
1601
1730
1883
1885
2059
2061
2090
2088
2089
2070
2071
2072
2066
2067
2064
2065
2062
1887
1737
1747
1748
1741
1742
1895
1743
1744
1745
1899
1901
1902
1905
1906
1907
1912
1755
1756
1757
1916
1758
1759
1859
1860
1872
1870
1871
1868
1869
1866
1867
1864
1865
1861
1862
2034
1863
1722
1723
1874
1724
1725
1726
1854
1855
2024
2021
2022
2026
2027
2028
2029
1858
2008
2201
2202
2203
2204
2206
2207
2011
2010
1852
1851
1848
1847
1846
1845
1844
1850
1849
2005
2004
2003
2002
2000
1999
1998
1997
1996
1995
1828
1562
1332
1334
1226
26
22
20
19
39
65
97
135
179
229
286
353
435
366
297
239
188
143
104
71
44
1223
1224
1330
1333
1505
1624
1625
1764
1769
1930
1925
1926
1927
1928
1932
1931
1933
1934
1936
1935
1938
1937
1940
1939
1941
1942
1943
1944
1785
1640
1787
1788
1790
1952
1954
1955
1956
1957
1958
1959
1960
1961
1821
1822
1823
1970
2165
2166
2169
2170
2172
2171
2173
2174
2175
2176
2177
2178
2179
2181
2180
2183
2182
2361
2360
2357
2358
2162
1963
1799
1800
1727
1600
1482
1483
1602
1732
1884
1886
1910
1911
1908
1909
1891
1892
1893
1889
1888
1734
1608
1615
1611
1612
1613
1746
1749
1750
1620
1621
1622
1714
1721
1720
1719
1718
1717
1715
1716
1595
1596
1597
1710
1853
1856
1857
1713
1841
2006
2007
2009
1843
1708
1707
1704
1703
1702
1701
1706
1705
1838
1837
1836
1835
2001
1832
1831
1834
1830
1829
1686
1447
1227
1229
1140
36
31
29
27
49
77
111
152
199
252
312
384
472
403
328
266
212
164
122
86
56
1137
1138
1225
1228
1390
1506
1507
1626
1629
1770
1765
1766
1767
1768
1772
1771
1773
1774
1776
1775
1778
1777
1780
1779
1781
1782
1783
1784
1639
1521
1641
1642
1644
1789
1791
1792
1793
1794
1795
1796
1797
1798
1678
1679
1680
1807
1968
1969
1971
1972
1974
1973
1975
1976
1977
1978
1979
1980
1981
1983
1982
1985
1984
2164
2163
2160
2161
1966
1803
1653
1654
1599
1369
1370
1485
1604
1731
1733
1753
1754
1751
1752
1738
1739
1740
1736
1735
1606
1489
1496
1492
1493
1494
1614
1616
1617
1502
1503
1504
1587
1594
1593
1592
1591
1590
1588
1589
1476
1477
1478
1583
1709
1711
1712
1586
1697
1839
1840
1842
1700
1581
1580
1577
1576
1575
1574
1579
1578
1695
1694
1693
1692
1833
1690
1689
1691
1688
1687
1563
1335
1141
1143
1064
42
47
40
37
38
63
94
131
175
225
281
347
427
447
365
296
238
187
142
103
70
1061
1062
1139
1284
1142
1391
1510
1627
1628
1630
1631
1632
1633
1634
1635
1636
1637
1638
1520
1405
1522
1524
1643
1645
1646
1647
1648
1649
1650
1651
1652
1677
1555
1556
1662
1805
1806
1808
1809
1811
1810
1812
1813
1814
1815
1816
1817
1818
1819
1820
1967
1964
1965
1657
1598
1533
1536
1481
1368
1263
1265
1372
1603
1605
1619
1618
1609
1610
1607
1487
1376
1381
1378
1379
1495
1497
1498
1499
1388
1389
1468
1479
1475
1474
1473
1472
1470
1469
1471
1363
1364
1464
1582
1584
1585
1467
1570
1696
1698
1699
1573
1462
1460
1459
1461
1568
1567
1565
1566
1564
1448
1230
1065
1067
1144
992
54
60
52
48
50
78
112
151
197
250
310
382
470
491
402
327
265
211
163
121
85
990
991
1063
1191
1066
1285
1394
1508
1509
1511
1512
1513
1514
1515
1516
1517
1518
1519
1404
1403
1299
1406
1408
1523
1525
1526
1527
1528
1529
1530
1531
1532
1554
1440
1441
1541
1660
1661
1663
1665
1667
1666
1668
1669
1670
1671
1672
1673
1674
1675
1676
1804
1801
1802
1656
1480
1418
1420
1262
1173
1174
1371
1484
1486
1501
1500
1490
1491
1488
1374
1375
1269
1274
1271
1272
1380
1382
1383
1384
1282
1283
1355
1365
1362
1361
1360
1359
1357
1356
1358
1255
1256
1351
1463
1465
1466
1354
1455
1454
1569
1571
1572
1458
1349
1347
1346
1348
1453
1452
1450
1451
1449
1336
1145
993
995
1068
924
66
68
74
61
62
64
95
132
174
223
279
345
425
515
446
364
295
237
186
141
102
922
923
994
1106
1032
1288
1392
1393
1395
1396
1398
1397
1400
1399
1401
1402
1298
1297
1199
1301
1407
1409
1410
1411
1412
1413
1414
1415
1416
1438
1439
1327
1426
1539
1540
1542
1544
1664
1545
1546
1547
1548
1549
1550
1551
1552
1553
1659
1658
1655
1535
1417
1367
1311
1313
1172
1091
1092
1264
1373
1387
1386
1385
1377
1267
1268
1177
1181
1179
1273
1275
1276
1277
1281
1190
1248
1258
1259
1253
1254
1251
1252
1249
1250
1257
1166
1244
1350
1352
1353
1247
1342
1341
1456
1457
1345
1242
1240
1241
1339
1340
1338
1337
1231
1069
925
927
996
858
81
83
90
75
76
79
113
153
198
249
308
379
466
556
485
397
322
261
208
161
120
855
856
926
1108
961
1193
1286
1287
1289
1290
1292
1291
1294
1293
1295
1296
1200
1198
1114
1201
1300
1302
1303
1304
1305
1306
1307
1308
1309
1325
1326
1222
1318
1424
1425
1427
1428
1543
1429
1430
1431
1432
1433
1434
1435
1436
1437
1538
1537
1534
1419
1310
1261
1208
1209
1090
1019
1020
1175
1266
1280
1279
1278
1270
1176
1178
1095
1098
1097
1180
1182
1183
1184
1189
1105
1159
1168
1169
1164
1165
1162
1163
1160
1161
1167
1085
1156
1243
1245
1246
1158
1236
1237
1343
1344
1239
1155
1153
1154
1234
1235
1233
1232
1146
997
859
861
928
857
796
98
91
100
107
92
93
96
133
176
224
278
343
422
511
531
441
359
291
234
184
140
794
860
893
1034
963
1192
1194
1195
1196
1197
1115
1113
1039
1116
1202
1203
1204
1205
1221
1136
1214
1317
1319
1320
1321
1322
1323
1324
1422
1423
1421
1312
1207
1366
1171
1123
1124
1018
949
1021
1093
1188
1187
1186
1185
1094
1096
1022
1024
1099
1100
1031
1081
1086
1084
1083
1082
1012
1078
1157
1080
1149
1150
1238
1152
1077
1076
1148
1147
1070
929
797
800
864
795
739
116
108
118
126
109
110
114
154
200
251
309
380
467
555
574
484
396
323
262
209
162
737
798
828
1033
894
1107
1109
1110
1111
1112
1040
1041
968
1042
1117
1118
1119
1120
1135
1059
1128
1213
1215
1216
1217
1218
1219
1220
1315
1316
1314
1210
1122
1260
1089
1048
1049
948
882
950
1030
1104
1103
1102
1101
1023
1027
951
953
1025
1026
960
1008
1013
1011
1010
1009
942
1006
1079
1007
1073
1074
1151
1075
1005
1004
1072
1071
998
862
743
740
799
803
738
686
136
127
128
138
146
129
130
134
177
226
280
344
423
512
600
530
440
360
292
235
185
736
684
741
770
962
829
1035
1036
1037
1038
969
970
899
971
1043
1044
1045
1060
988
1052
1129
1130
1131
1133
1132
1134
1212
1211
1125
1047
1206
1170
1017
978
977
881
818
883
959
1029
1028
952
956
885
884
954
955
891
939
943
941
940
874
937
938
1001
1002
1003
936
999
1000
930
801
690
687
742
746
685
633
157
147
148
159
168
149
150
155
201
253
311
381
468
557
649
572
483
398
324
263
210
683
632
688
715
895
771
964
965
966
967
900
901
834
902
972
973
974
989
983
920
981
1053
1054
1055
1057
1056
1058
1127
1126
1050
976
1121
1087
947
909
908
817
761
819
890
958
957
888
821
820
886
887
826
892
871
875
873
872
811
869
870
933
934
935
868
931
932
744
638
634
635
689
693
585
180
169
170
171
182
191
172
173
178
227
282
346
424
513
601
620
529
442
361
293
236
631
584
636
663
830
716
896
897
898
835
836
837
775
903
904
921
914
853
912
982
984
986
985
987
1051
979
907
1046
1088
1015
880
844
843
760
707
762
825
889
823
763
765
822
768
827
809
812
810
753
807
808
865
866
867
806
863
802
691
590
586
587
637
640
541
542
204
192
193
194
206
216
195
196
202
254
313
383
469
558
650
670
573
486
399
325
264
583
540
588
613
772
664
831
832
833
776
777
720
838
839
854
848
792
847
913
915
918
917
919
980
910
842
975
1016
945
816
784
783
706
656
708
767
824
766
709
710
764
713
769
751
754
752
699
750
804
805
749
745
639
589
546
543
591
593
497
498
230
217
218
219
220
232
242
221
222
228
283
348
426
514
602
701
621
532
443
362
294
539
496
544
567
717
614
773
774
721
722
667
778
793
788
734
787
849
916
851
852
911
845
906
782
1014
946
878
759
786
728
727
655
606
657
712
711
658
659
661
714
698
700
647
697
747
748
695
692
592
545
502
499
547
548
453
452
454
257
243
244
245
246
259
270
247
248
255
314
385
471
559
651
755
671
575
487
400
326
495
451
500
524
665
568
718
719
668
617
723
735
731
682
732
789
850
790
791
846
785
841
781
944
879
815
705
730
675
674
654
562
607
660
608
609
611
662
646
648
599
645
696
694
643
641
594
501
457
503
504
409
408
410
287
272
271
273
274
275
289
300
276
277
285
284
349
428
516
603
702
724
622
533
444
363
332
455
407
456
479
615
525
666
618
669
616
570
679
630
680
733
729
905
726
877
758
678
624
676
673
605
563
518
610
564
565
566
612
598
554
597
644
642
595
549
459
413
458
460
371
370
373
318
302
301
303
304
305
320
333
306
307
316
315
386
473
560
652
756
779
672
576
488
401
368
411
412
436
569
480
571
619
527
628
582
629
681
677
840
780
814
704
627
577
625
623
561
653
519
474
520
521
522
553
510
552
596
550
506
505
415
414
461
416
335
334
337
354
336
338
339
357
356
369
341
340
342
352
351
350
429
387
517
604
703
813
725
534
490
405
445
372
392
526
437
528
481
580
538
581
626
876
757
579
475
476
477
523
465
509
551
507
462
374
417
375
395
394
406
377
376
378
390
389
388
430
536
448
489
494
482
438
537
493
578
431
432
478
421
508
463
418
439
450
449
419
420
434
433
535
492
464
)


// ************************************************************************* //
