/*--------------------------------*- C++ -*----------------------------------*\
| =========                 |                                                 |
| \\      /  F ield         | OpenFOAM: The Open Source CFD Toolbox           |
|  \\    /   O peration     | Version:  1.4.1                                 |
|   \\  /    A nd           | Web:      http://www.openfoam.org               |
|    \\/     M anipulation  |                                                 |
\*---------------------------------------------------------------------------*/

FoamFile
{
    version 2.0;
    format ascii;

    root "/home/elisa/TESI/MESHES";
    case "NACA64A010";
    instance "constant";
    local "polyMesh";

    class vectorField;
    object points;
}

// * * * * * * * * * * * * * * * * * * * * * * * * * * * * * * * * * * * * * //


3144
(
(0.862211 -0.510605 0)
(0.774664 -0.603242 0)
(0.364098 -0.678379 0)
(0.3588 -0.776426 0)
(0.938338 -0.455188 0)
(1.08861 -0.480875 0)
(0.98454 -0.517707 0)
(1.14034 -0.392797 0)
(1.26183 -0.272857 0)
(1.33192 0.082624 0)
(1.27341 0.268856 0)
(0.551037 0.645416 0)
(0.657715 0.597277 0)
(0.773531 0.606157 0)
(0.628791 -0.582033 0)
(0.741877 -0.511944 0)
(0.450866 -0.55903 0)
(0.498147 -0.743663 0)
(0.717514 -0.739041 0)
(0.891295 -0.389523 0)
(0.292013 -0.573557 0)
(0.042523 -0.685521 0)
(0.142237 -0.570927 0)
(1.07834 -0.587293 0)
(-0.009272 -0.543361 0)
(-0.156019 -0.479967 0)
(1.23637 -0.360577 0)
(1.01366 -0.395891 0)
(-0.286625 -0.353481 0)
(1.20481 -0.204184 0)
(1.18049 -0.298799 0)
(1.30863 -0.1645 0)
(-0.407727 -0.231202 0)
(-0.286131 -0.221428 0)
(-0.323848 -0.134369 0)
(-0.446153 -0.073021 0)
(1.23146 -0.131323 0)
(1.26185 -0.065314 0)
(1.35034 -0.022514 0)
(-0.326398 -0.052903 0)
(1.26852 0.025892 0)
(1.25711 0.116047 0)
(1.32136 0.184395 0)
(1.23282 0.20077 0)
(1.19412 0.27966 0)
(1.23943 0.347024 0)
(0.387821 0.598746 0)
(0.553744 0.506306 0)
(0.469702 0.779535 0)
(0.197547 0.586858 0)
(0.68622 0.74127 0)
(0.721939 0.481355 0)
(0.896082 0.513579 0)
(1.04364 0.582697 0)
(1.04811 0.44739 0)
(1.14227 0.364928 0)
(0.078533 0.689822 0)
(0.047842 0.549259 0)
(-0.052782 0.496621 0)
(-0.153035 0.483016 0)
(-0.205923 0.376049 0)
(-0.333181 0.327403 0)
(-0.314313 0.214948 0)
(-0.345679 0.128383 0)
(-0.431235 0.223872 0)
(-0.471424 0.085195 0)
(-0.351426 0.025523 0)
(0.662764 -0.436044 0)
(0.555783 -0.472182 0)
(0.780752 -0.420557 0)
(0.220871 -0.734916 0)
(0.615472 -0.918447 0)
(0.351477 -0.4517 0)
(0.922378 -0.664144 0)
(0.221635 -0.441087 0)
(-0.034988 -0.411184 0)
(-0.136102 -0.669202 0)
(0.084422 -0.444102 0)
(1.22106 -0.500191 0)
(0.951219 -0.322289 0)
(-0.340186 -0.565409 0)
(-0.133926 -0.342817 0)
(1.13678 -0.244517 0)
(1.09433 -0.309666 0)
(1.36952 -0.329833 0)
(-0.506785 -0.404506 0)
(-0.186467 -0.239429 0)
(-0.232892 -0.154234 0)
(-0.612889 -0.21027 0)
(1.17922 -0.138271 0)
(1.19566 -0.081971 0)
(1.46656 -0.120559 0)
(-0.254673 -0.079355 0)
(1.1931 0.059853 0)
(1.45099 0.107228 0)
(1.20675 -0.015849 0)
(1.18478 0.13958 0)
(1.36815 0.325168 0)
(1.15578 0.209767 0)
(0.415226 0.442014 0)
(0.282353 0.466859 0)
(0.623329 0.402406 0)
(0.829218 0.390538 0)
(0.901898 0.690556 0)
(0.59826 0.939482 0)
(0.946107 0.38464 0)
(1.20836 0.48782 0)
(1.04271 0.339284 0)
(0.247884 0.760347 0)
(0.145391 0.454841 0)
(0.028042 0.429045 0)
(-0.105056 0.63921 0)
(-0.078844 0.384795 0)
(-0.322545 0.524196 0)
(-0.218559 0.247335 0)
(-0.252228 0.153525 0)
(-0.517417 0.388266 0)
(-0.623591 0.207777 0)
(1.11034 0.277355 0)
(-0.267305 0.071543 0)
(-0.65212 0.001514 0)
(-0.265761 -0.006207 0)
(0.642576 -0.341253 0)
(0.57116 -0.374836 0)
(0.719042 -0.343284 0)
(0.352999 -0.947718 0)
(0.465207 -0.404457 0)
(0.866651 -0.916294 0)
(0.301316 -0.373879 0)
(-0.006476 -0.913376 0)
(0.141317 -0.349452 0)
(0.376041 -0.353309 0)
(1.17131 -0.763809 0)
(0.80755 -0.325518 0)
(-0.352609 -0.84059 0)
(-0.041119 -0.310678 0)
(0.044122 -0.34383 0)
(1.07398 -0.232318 0)
(1.01585 -0.286685 0)
(0.884442 -0.288491 0)
(1.45438 -0.574298 0)
(-0.615731 -0.663224 0)
(-0.10122 -0.263059 0)
(-0.799412 -0.421885 0)
(-0.165436 -0.15738 0)
(1.12569 -0.173526 0)
(1.62502 -0.307938 0)
(1.13385 -0.098639 0)
(-0.185912 -0.097849 0)
(1.68173 -0.003727 0)
(1.16038 0.008162 0)
(1.15526 -0.04115 0)
(1.14319 0.098269 0)
(1.62055 0.302106 0)
(1.12084 0.149651 0)
(0.331086 0.365363 0)
(0.419084 0.339664 0)
(0.517923 0.369443 0)
(0.606069 0.305976 0)
(0.7153 0.343627 0)
(0.804491 0.299412 0)
(0.85052 0.927501 0)
(0.886465 0.311957 0)
(1.15684 0.766498 0)
(0.35003 0.994324 0)
(0.219619 0.348162 0)
(0.008368 0.919116 0)
(0.009708 0.341957 0)
(0.100745 0.344938 0)
(-0.340729 0.826138 0)
(-0.132588 0.296546 0)
(-0.180903 0.164405 0)
(-0.802959 0.414881 0)
(-0.612834 0.648337 0)
(1.44773 0.570413 0)
(1.08537 0.205649 0)
(1.03473 0.2563 0)
(0.967344 0.294979 0)
(-0.194874 0.099018 0)
(-0.89699 0.14282 0)
(-0.203228 0.030883 0)
(-0.200178 -0.034257 0)
(-0.894849 -0.144606 0)
(0.589219 -0.28234 0)
(0.671649 -0.267606 0)
(0.645475 -1.2489 0)
(0.511717 -0.309772 0)
(0.14225 -1.31195 0)
(0.236566 -0.317858 0)
(0.438188 -0.306351 0)
(0.378927 -0.278655 0)
(0.318847 -0.302272 0)
(1.13233 -1.16687 0)
(0.750207 -0.265455 0)
(-0.318512 -1.22981 0)
(0.021001 -0.265122 0)
(0.166451 -0.267473 0)
(0.093283 -0.276856 0)
(1.01 -0.208908 0)
(0.950151 -0.246788 0)
(1.52553 -0.93524 0)
(0.820418 -0.242257 0)
(-0.712631 -1.03567 0)
(-0.042279 -0.234145 0)
(-0.102924 -0.186985 0)
(1.05875 -0.167797 0)
(1.0884 -0.126904 0)
(1.81205 -0.606609 0)
(-1.01047 -0.744996 0)
(-0.120422 -0.110284 0)
(1.96086 -0.211279 0)
(1.11961 -0.007792 0)
(1.11277 -0.050324 0)
(1.12507 0.04609 0)
(1.95966 0.207635 0)
(1.09014 0.095377 0)
(0.359533 0.292937 0)
(0.416373 0.270904 0)
(0.47437 0.292384 0)
(0.67552 0.258603 0)
(0.74358 0.259694 0)
(0.797033 0.235161 0)
(0.852365 0.249125 0)
(1.12414 1.17206 0)
(0.638461 1.26326 0)
(0.291655 0.296994 0)
(0.206365 0.280012 0)
(0.143396 1.32379 0)
(0.243562 0.282625 0)
(0.532816 0.291239 0)
(0.044011 0.277194 0)
(0.103308 0.27208 0)
(0.157948 0.286651 0)
(-0.31332 1.22933 0)
(-0.043281 0.272218 0)
(-0.117118 0.205011 0)
(-0.709125 1.0292 0)
(1.51945 0.935394 0)
(1.0242 0.189213 0)
(0.974489 0.22432 0)
(0.915149 0.245405 0)
(1.80866 0.604078 0)
(1.06324 0.146615 0)
(-0.125471 0.12035 0)
(-1.01009 0.73919 0)
(-1.19723 0.385971 0)
(-0.14561 0.056051 0)
(-1.25998 -0.000902 0)
(-0.151228 -0.000437 0)
(-0.14478 -0.054369 0)
(-1.19632 -0.389029 0)
(0.621895 -0.220375 0)
(0.574997 -0.220378 0)
(0.531514 -0.240607 0)
(0.400155 -1.81117 0)
(0.420936 -0.242052 0)
(1.02118 -1.70555 0)
(0.474629 -0.248734 0)
(-0.217624 -1.76788 0)
(0.223539 -0.238145 0)
(0.280405 -0.248401 0)
(0.179695 -0.206263 0)
(0.123169 -0.212153 0)
(0.063168 -0.217622 0)
(0.379894 -0.227612 0)
(0.337233 -0.239502 0)
(0.953007 -0.170802 0)
(1.57935 -1.45435 0)
(0.886427 -0.20165 0)
(0.770256 -0.200672 0)
(0.824424 -0.170106 0)
(0.66662 -0.207054 0)
(0.713501 -0.211449 0)
(-0.776743 -1.5662 0)
(0.008998 -0.202152 0)
(-0.037882 -0.173089 0)
(1.04563 -0.116935 0)
(1.00783 -0.148099 0)
(2.01904 -1.05962 0)
(-1.2341 -1.22655 0)
(-0.066752 -0.130783 0)
(2.30075 -0.558781 0)
(1.07706 -0.077899 0)
(1.07731 -0.026174 0)
(2.39731 -0.000901 0)
(1.08608 0.016994 0)
(1.08168 0.052083 0)
(0.375336 0.235948 0)
(0.415037 0.224353 0)
(0.454619 0.236593 0)
(0.661094 0.198913 0)
(0.710139 0.21054 0)
(0.757463 0.206038 0)
(1.01738 1.71012 0)
(0.32385 0.244303 0)
(0.398337 1.81694 0)
(0.079549 0.216786 0)
(0.135163 0.231923 0)
(0.18344 0.238504 0)
(0.272922 0.24371 0)
(0.227786 0.240321 0)
(-0.216787 1.77061 0)
(0.616109 0.228566 0)
(0.560314 0.242528 0)
(0.504899 0.242649 0)
(0.015492 0.21277 0)
(-0.042542 0.18745 0)
(-0.775035 1.56493 0)
(1.5757 1.45589 0)
(0.878665 0.198465 0)
(0.792546 0.1932 0)
(0.829958 0.199024 0)
(2.01655 1.05913 0)
(1.01178 0.1316 0)
(0.929129 0.187903 0)
(0.974574 0.166902 0)
(1.04664 0.106065 0)
(-0.078324 0.149872 0)
(-1.23313 1.22371 0)
(2.29954 0.557274 0)
(-1.5567 0.778028 0)
(-1.72367 0.26644 0)
(-0.094526 0.066278 0)
(-0.107435 0.021479 0)
(-0.103701 -0.062101 0)
(-0.108864 -0.022817 0)
(-1.72357 -0.268029 0)
(-1.55679 -0.78041 0)
(0.590378 -0.171647 0)
(0.542554 -0.186142 0)
(0.816517 -2.4358 0)
(0.496073 -0.19567 0)
(0.448408 -0.197636 0)
(0.007857 -2.47717 0)
(0.218567 -0.190331 0)
(0.403724 -0.19316 0)
(0.25797 -0.196221 0)
(0.356839 -0.184563 0)
(0.306141 -0.194825 0)
(1.58296 -2.18012 0)
(0.867065 -0.149256 0)
(0.639483 -0.171867 0)
(0.687271 -0.162564 0)
(0.735734 -0.163638 0)
(-0.767994 -2.30233 0)
(0.005267 -0.148848 0)
(0.045563 -0.169585 0)
(0.087375 -0.174992 0)
(0.152214 -0.169806 0)
(0.119772 -0.167646 0)
(1.00727 -0.103299 0)
(2.23321 -1.72542 0)
(0.972282 -0.121316 0)
(0.938695 -0.125822 0)
(0.905975 -0.142682 0)
(0.807428 -0.123556 0)
(0.777632 -0.149617 0)
(-1.44442 -1.92655 0)
(-0.028537 -0.132765 0)
(2.70482 -1.10706 0)
(1.03415 -0.078517 0)
(1.04667 -0.048569 0)
(2.95252 -0.381697 0)
(1.0572 0.03401 0)
(1.05548 0.004229 0)
(0.391925 0.184955 0)
(0.436642 0.191466 0)
(0.691627 0.166701 0)
(0.654402 0.152499 0)
(0.731088 0.169908 0)
(0.345222 0.195383 0)
(0.165214 0.192211 0)
(0.0872 0.168759 0)
(0.12168 0.182331 0)
(0.007465 2.47896 0)
(0.815156 2.43798 0)
(0.526876 0.195141 0)
(0.208292 0.196559 0)
(0.479929 0.195295 0)
(0.252334 0.196961 0)
(0.298644 0.197401 0)
(0.050361 0.169821 0)
(0.005435 0.152051 0)
(-0.76756 2.30268 0)
(1.58124 2.18147 0)
(0.84975 0.155821 0)
(0.618721 0.173535 0)
(0.574749 0.188515 0)
(2.2318 1.72569 0)
(0.970917 0.126409 0)
(1.01847 0.087829 0)
(0.7694 0.164327 0)
(0.807787 0.158796 0)
(-0.037414 0.13339 0)
(-1.44381 1.92565 0)
(2.70397 1.10665 0)
(1.04989 0.068365 0)
(2.95224 0.380982 0)
(0.894196 0.149664 0)
(0.936911 0.138969 0)
(-2.29688 0.721905 0)
(-0.069714 0.104585 0)
(-0.069688 0.032138 0)
(-1.96692 1.38283 0)
(-0.070807 -0.040155 0)
(-0.076113 -0.002063 0)
(-2.40955 -0.000496 0)
(-2.29698 -0.72303 0)
(-0.073762 -0.083763 0)
(-1.96728 -1.38411 0)
(0.439447 -3.38499 0)
(0.388734 -0.153531 0)
(0.425978 -0.153654 0)
(1.48496 -3.17535 0)
(0.468017 -0.152535 0)
(0.653535 -0.130637 0)
(0.510927 -0.148058 0)
(0.617629 -0.137253 0)
(0.551667 -0.13978 0)
(-0.617404 -3.29535 0)
(0.038929 -0.130821 0)
(0.070332 -0.139258 0)
(0.193397 -0.157208 0)
(0.237321 -0.152664 0)
(0.280367 -0.151952 0)
(0.322342 -0.147756 0)
(0.163447 -0.134622 0)
(2.42298 -2.68045 0)
(0.97864 -0.085179 0)
(0.94834 -0.094665 0)
(0.777901 -0.112315 0)
(0.749377 -0.125905 0)
(0.716037 -0.129808 0)
(0.685935 -0.121262 0)
(-1.59187 -2.91704 0)
(-0.00634 -0.112474 0)
(0.017208 -0.117423 0)
(0.133608 -0.138841 0)
(0.102662 -0.140205 0)
(1.02295 -0.054913 0)
(1.00491 -0.070322 0)
(3.16529 -1.93975 0)
(3.64122 -1.01798 0)
(1.04318 -0.019992 0)
(0.420754 0.153648 0)
(0.68083 0.130172 0)
(0.712148 0.135922 0)
(0.35996 0.154565 0)
(0.151919 0.145716 0)
(0.439095 3.38575 0)
(0.321616 0.153285 0)
(0.276039 0.148599 0)
(0.230375 0.153012 0)
(0.040992 0.130403 0)
(-0.617368 3.29574 0)
(0.073483 0.136686 0)
(0.190444 0.156313 0)
(1.48434 3.17604 0)
(0.621801 0.129478 0)
(0.584262 0.140768 0)
(0.542191 0.148248 0)
(0.498923 0.151724 0)
(0.457173 0.152673 0)
(2.42236 2.68077 0)
(0.984974 0.09616 0)
(0.781309 0.122139 0)
(0.745343 0.133639 0)
(0.110694 0.136761 0)
(-0.006787 0.112308 0)
(0.017998 0.11752 0)
(-1.59158 2.91687 0)
(3.16484 1.93973 0)
(1.02196 0.060962 0)
(1.0333 0.042472 0)
(1.03669 0.020467 0)
(3.641 1.01777 0)
(0.946932 0.096864 0)
(3.80507 -0.000131 0)
(0.822573 0.11594 0)
(0.906006 0.103741 0)
(0.864239 0.110517 0)
(-0.050589 0.064291 0)
(-2.97885 1.45424 0)
(-2.40084 2.28431 0)
(-0.032723 0.094677 0)
(-0.050128 -0.013645 0)
(-0.05016 0.010318 0)
(-3.27963 0.498846 0)
(-3.2797 -0.499506 0)
(-0.044271 -0.062709 0)
(-2.97906 -1.45491 0)
(-2.40115 -2.28486 0)
(-0.036066 -0.096915 0)
(0.84167 -0.122452 0)
(0.876829 -0.108706 0)
(0.914035 -0.099171 0)
(0.58498 -0.124338 0)
(1.19513 -4.50911 0)
(0.561288 -0.114366 0)
(-0.219803 -4.5974 0)
(0.545051 -0.113505 0)
(0.187465 -0.120123 0)
(0.526648 -0.119358 0)
(0.214354 -0.125345 0)
(0.505795 -0.118236 0)
(0.237033 -0.121436 0)
(0.485633 -0.124003 0)
(0.258546 -0.125518 0)
(0.464337 -0.121844 0)
(0.279328 -0.121676 0)
(0.444228 -0.126692 0)
(0.299834 -0.124586 0)
(0.423604 -0.123859 0)
(0.318943 -0.12014 0)
(0.404211 -0.128315 0)
(0.335252 -0.122541 0)
(0.382728 -0.126209 0)
(0.357938 -0.135413 0)
(2.52588 -4.01896 0)
(0.956411 -0.063913 0)
(0.7982 -0.09215 0)
(0.666824 -0.103886 0)
(0.647836 -0.10439 0)
(0.629465 -0.111162 0)
(0.608063 -0.112401 0)
(0.776925 -0.08504 0)
(0.756422 -0.096195 0)
(0.731342 -0.102107 0)
(0.685533 -0.097338 0)
(0.705623 -0.101463 0)
(-1.59225 -4.27979 0)
(0.013073 -0.093007 0)
(0.035467 -0.100176 0)
(0.060224 -0.107064 0)
(0.087731 -0.110305 0)
(0.117568 -0.108049 0)
(0.167642 -0.109565 0)
(0.146152 -0.111104 0)
(0.982416 -0.057191 0)
(1.00358 -0.043073 0)
(3.65077 -3.16636 0)
(1.02495 -0.034533 0)
(4.46526 -2.02471 0)
(0.390282 0.137923 0)
(0.413485 0.126907 0)
(0.434721 0.127761 0)
(0.675885 0.10369 0)
(0.698416 0.106805 0)
(0.366253 0.127173 0)
(0.158673 0.114539 0)
(-0.219786 4.59757 0)
(0.179475 0.123469 0)
(0.206954 0.126135 0)
(1.195 4.50935 0)
(0.577244 0.112379 0)
(0.228517 0.121449 0)
(0.557773 0.118998 0)
(0.249868 0.124261 0)
(0.536435 0.117783 0)
(0.268743 0.11881 0)
(0.516277 0.123345 0)
(0.283886 0.118982 0)
(0.494891 0.120873 0)
(0.302836 0.124904 0)
(0.474807 0.125625 0)
(0.324203 0.122965 0)
(0.454009 0.122753 0)
(0.344342 0.128177 0)
(2.52569 4.01913 0)
(0.797478 0.091428 0)
(0.652357 0.114094 0)
(0.630405 0.105629 0)
(0.614915 0.105502 0)
(0.597442 0.112173 0)
(0.752236 0.101252 0)
(0.773335 0.088115 0)
(0.725369 0.107032 0)
(0.114012 0.10165 0)
(0.136535 0.113365 0)
(0.013603 0.092561 0)
(0.03658 0.099556 0)
(-1.59208 4.27977 0)
(0.061888 0.105596 0)
(0.089437 0.107399 0)
(0.996032 0.063328 0)
(3.65061 3.16642 0)
(1.02167 0.02856 0)
(1.01207 0.042852 0)
(0.966376 0.069776 0)
(0.942888 0.067256 0)
(4.89273 -0.696439 0)
(1.0321 0.000339 0)
(4.46515 2.02468 0)
(4.8927 0.696372 0)
(0.81761 0.084935 0)
(0.838732 0.086218 0)
(0.858364 0.079677 0)
(0.879516 0.080614 0)
(0.899304 0.073631 0)
(0.921282 0.073886 0)
(-0.024326 0.07054 0)
(-2.80206 3.58651 0)
(-0.007781 0.083383 0)
(-0.039908 0.032903 0)
(-3.74648 2.57996 0)
(-4.34628 1.34857 0)
(-0.035979 -0.000959 0)
(-4.55189 -0.000224 0)
(-4.34641 -1.349 0)
(-0.038703 -0.034823 0)
(-3.7467 -2.58033 0)
(-0.023584 -0.070985 0)
(-2.8023 -3.58674 0)
(-0.008321 -0.084128 0)
(0.823757 -0.093537 0)
(0.849988 -0.088627 0)
(0.869198 -0.079152 0)
(0.889709 -0.078474 0)
(0.930012 -0.071657 0)
(0.908827 -0.070819 0)
(0.575487 -6.2493 0)
(0.370412 -0.107139 0)
(0.391943 -0.106837 0)
(0.411833 -0.106097 0)
(0.431509 -0.104764 0)
(2.43219 -5.84593 0)
(0.451626 -0.10358 0)
(0.775768 -0.066419 0)
(0.472029 -0.102293 0)
(0.760784 -0.072563 0)
(0.492568 -0.100654 0)
(0.740641 -0.077824 0)
(0.513172 -0.098595 0)
(0.718587 -0.079872 0)
(0.533289 -0.097236 0)
(0.695157 -0.076797 0)
(0.552392 -0.096139 0)
(0.67333 -0.082006 0)
(0.572407 -0.097403 0)
(0.65411 -0.086075 0)
(0.593608 -0.096351 0)
(0.634936 -0.088953 0)
(0.61467 -0.091976 0)
(-1.31445 -6.09807 0)
(0.030524 -0.073154 0)
(0.052894 -0.078206 0)
(0.076222 -0.082167 0)
(0.0998 -0.083773 0)
(0.118046 -0.083287 0)
(0.135444 -0.087627 0)
(0.159278 -0.08706 0)
(0.181692 -0.094412 0)
(0.203825 -0.099043 0)
(0.226503 -0.101254 0)
(0.247976 -0.102296 0)
(0.268704 -0.102947 0)
(0.288825 -0.103241 0)
(0.308734 -0.102523 0)
(0.328222 -0.103091 0)
(0.34843 -0.10617 0)
(0.983319 -0.03629 0)
(4.08901 -4.92017 0)
(0.967214 -0.043762 0)
(5.39527 -3.55134 0)
(1.01058 -0.025579 0)
(0.400332 0.109222 0)
(0.421178 0.10639 0)
(0.685621 0.08032 0)
(0.379044 0.109197 0)
(0.575536 6.24935 0)
(0.441486 0.104538 0)
(0.46165 0.103358 0)
(0.481942 0.10234 0)
(2.43218 5.84599 0)
(0.502356 0.101203 0)
(0.769093 0.068086 0)
(0.522793 0.09979 0)
(0.754156 0.075128 0)
(0.543193 0.097986 0)
(0.733369 0.080919 0)
(0.563426 0.09577 0)
(0.710375 0.083183 0)
(0.583391 0.093088 0)
(0.602985 0.090266 0)
(0.661912 0.086503 0)
(0.621727 0.088678 0)
(0.640921 0.0892 0)
(0.151823 0.092742 0)
(0.031031 0.072802 0)
(-1.31432 6.09806 0)
(0.053643 0.077562 0)
(0.076916 0.080929 0)
(0.09936 0.081746 0)
(0.116223 0.081661 0)
(0.131516 0.088127 0)
(0.173063 0.097182 0)
(0.195227 0.100856 0)
(0.217369 0.1018 0)
(0.237939 0.102167 0)
(0.257596 0.101381 0)
(0.276329 0.100547 0)
(0.295424 0.101649 0)
(0.3157 0.103424 0)
(0.336333 0.104782 0)
(0.357475 0.106217 0)
(0.993166 0.038186 0)
(4.08898 4.9202 0)
(0.975363 0.046936 0)
(1.0221 -0.015436 0)
(6.23084 -1.86045 0)
(6.23083 1.86044 0)
(1.01988 0.013597 0)
(5.39524 3.55134 0)
(6.51828 -6e-06 0)
(0.952589 0.046981 0)
(0.927862 0.047627 0)
(0.905432 0.052737 0)
(0.884749 0.056053 0)
(0.864588 0.058795 0)
(0.844555 0.061347 0)
(0.824456 0.063854 0)
(0.804142 0.066503 0)
(0.785032 0.070097 0)
(-0.00702 0.060871 0)
(0.010222 0.069222 0)
(-3.07023 5.40834 0)
(-0.023803 0.049702 0)
(-4.539 4.24268 0)
(-5.59398 2.70429 0)
(-0.029326 0.013374 0)
(-6.14494 0.928492 0)
(-6.14499 -0.928798 0)
(-0.029017 -0.01476 0)
(-5.59412 -2.70456 0)
(-0.022278 -0.049974 0)
(-4.5392 -4.24287 0)
(-3.07041 -5.40845 0)
(-0.006747 -0.061206 0)
(0.00995 -0.069573 0)
(0.79082 -0.069496 0)
(0.810906 -0.068007 0)
(0.833334 -0.065695 0)
(0.854633 -0.061519 0)
(0.874732 -0.05772 0)
(0.894751 -0.054085 0)
(0.915834 -0.04948 0)
(0.951386 -0.043077 0)
(0.936792 -0.050379 0)
(1.97 -8.26165 0)
(0.678125 -0.061142 0)
(0.659561 -0.06568 0)
(0.641758 -0.070398 0)
(-0.569602 -8.44051 0)
(0.62162 -0.06872 0)
(0.176482 -0.074243 0)
(0.600343 -0.073483 0)
(0.195152 -0.076118 0)
(0.581268 -0.077881 0)
(0.217381 -0.07684 0)
(0.560962 -0.074797 0)
(0.238051 -0.082539 0)
(0.541378 -0.078976 0)
(0.258706 -0.080118 0)
(0.521114 -0.076235 0)
(0.278639 -0.084825 0)
(0.499668 -0.079284 0)
(0.29758 -0.082777 0)
(0.479163 -0.081094 0)
(0.318874 -0.081109 0)
(0.45888 -0.082399 0)
(0.33894 -0.085904 0)
(0.438772 -0.083562 0)
(0.35958 -0.082916 0)
(0.418967 -0.085089 0)
(0.381631 -0.085513 0)
(0.400703 -0.088136 0)
(0.70974 -0.060949 0)
(0.727882 -0.059033 0)
(0.747513 -0.056128 0)
(4.34724 -7.34788 0)
(0.995248 -0.022694 0)
(6.3489 -5.77759 0)
(0.408395 0.086259 0)
(1.97005 8.26166 0)
(0.667763 0.063417 0)
(0.648461 0.067812 0)
(-0.569512 8.44049 0)
(0.63018 0.071585 0)
(0.166195 0.07233 0)
(0.610565 0.068763 0)
(0.186462 0.079256 0)
(0.589694 0.072198 0)
(0.207667 0.077662 0)
(0.569596 0.074673 0)
(0.227763 0.082992 0)
(0.549516 0.076696 0)
(0.24654 0.08142 0)
(0.529381 0.078391 0)
(0.266203 0.081077 0)
(0.509205 0.079823 0)
(0.286082 0.081122 0)
(0.489018 0.081035 0)
(0.307537 0.080542 0)
(0.468847 0.082093 0)
(0.327583 0.08545 0)
(0.448709 0.083119 0)
(0.348374 0.082492 0)
(0.428563 0.084369 0)
(0.370231 0.085877 0)
(0.389491 0.089424 0)
(0.700316 0.063084 0)
(0.718886 0.060987 0)
(0.738892 0.0579 0)
(4.34726 7.34788 0)
(7.79406 -3.6888 0)
(1.00594 0.023667 0)
(6.34891 5.7776 0)
(8.55124 -1.26774 0)
(7.79406 3.6888 0)
(8.55124 1.26774 0)
(1.01476 -0.00072 0)
(1.00646 -0.012267 0)
(0.964941 0.032609 0)
(0.97915 0.029972 0)
(0.951801 0.029419 0)
(0.9394 0.033939 0)
(0.928828 0.032896 0)
(0.921176 0.033934 0)
(0.912298 0.037769 0)
(0.901557 0.037763 0)
(0.891875 0.041161 0)
(0.881366 0.0406 0)
(0.87179 0.043803 0)
(0.861449 0.043045 0)
(0.851912 0.046216 0)
(0.841617 0.045402 0)
(0.832033 0.048595 0)
(0.821685 0.047776 0)
(0.811921 0.051014 0)
(0.801205 0.050171 0)
(0.790551 0.053464 0)
(0.774916 0.052539 0)
(0.757574 0.054298 0)
(0.034661 0.055316 0)
(0.045246 0.059849 0)
(0.008263 0.050377 0)
(-3.04557 7.87113 0)
(0.022703 0.055148 0)
(0.056484 0.059814 0)
(0.067074 0.063861 0)
(0.078167 0.063224 0)
(0.088836 0.066481 0)
(0.099718 0.065264 0)
(0.110452 0.068114 0)
(0.125751 0.068143 0)
(0.144465 0.070646 0)
(-0.005174 0.042078 0)
(-5.23967 6.60573 0)
(-0.016177 0.027821 0)
(-6.95951 4.75693 0)
(-8.05512 2.48823 0)
(-8.43123 -0.000103 0)
(-0.021304 -0.000432 0)
(-8.0552 -2.48842 0)
(-0.015615 -0.028378 0)
(-6.95964 -4.75709 0)
(-5.23982 -6.60583 0)
(-0.004727 -0.042256 0)
(-3.0457 -7.87119 0)
(0.008314 -0.050501 0)
(0.145113 -0.067902 0)
(0.126801 -0.067799 0)
(0.111058 -0.068795 0)
(0.099893 -0.066038 0)
(0.088716 -0.067298 0)
(0.077846 -0.063779 0)
(0.066655 -0.064327 0)
(0.056117 -0.060087 0)
(0.022521 -0.055273 0)
(0.044891 -0.060067 0)
(0.034414 -0.055433 0)
(0.76597 -0.052836 0)
(0.783075 -0.051555 0)
(0.798538 -0.053197 0)
(0.809653 -0.050229 0)
(0.820663 -0.051399 0)
(0.830987 -0.047969 0)
(0.841644 -0.04863 0)
(0.851483 -0.044954 0)
(0.861883 -0.045494 0)
(0.871428 -0.04201 0)
(0.881763 -0.042502 0)
(0.891249 -0.039077 0)
(0.901585 -0.039246 0)
(0.910228 -0.035641 0)
(0.917597 -0.035045 0)
(0.927394 -0.037149 0)
(0.939944 -0.035447 0)
(0.949119 -0.031542 0)
(0.958936 -0.031973 0)
(0.970625 -0.028991 0)
(0.894838 -11.3392 0)
(0.416618 -0.069777 0)
(0.426966 -0.070988 0)
(0.436701 -0.068535 0)
(0.446974 -0.069907 0)
(0.456741 -0.067554 0)
(0.467068 -0.068863 0)
(0.476866 -0.066434 0)
(0.487269 -0.067542 0)
(0.497067 -0.064906 0)
(0.507494 -0.065587 0)
(0.516457 -0.062559 0)
(0.523938 -0.062284 0)
(0.533628 -0.06489 0)
(0.546903 -0.064238 0)
(0.556146 -0.060574 0)
(0.563735 -0.060122 0)
(0.573489 -0.062856 0)
(0.58688 -0.06223 0)
(0.596958 -0.058467 0)
(0.607539 -0.058519 0)
(0.616394 -0.054916 0)
(0.62385 -0.054362 0)
(0.633578 -0.056686 0)
(0.646644 -0.055656 0)
(0.656328 -0.051904 0)
(0.666307 -0.051836 0)
(0.675007 -0.048597 0)
(0.68284 -0.048762 0)
(0.694147 -0.053669 0)
(0.705669 -0.047971 0)
(0.716281 -0.047847 0)
(0.725688 -0.044771 0)
(0.735788 -0.045255 0)
(0.745277 -0.04219 0)
(4.21525 -10.5915 0)
(7.16881 -8.90123 0)
(0.416771 0.071573 0)
(0.894894 11.3392 0)
(0.426602 0.069034 0)
(0.436887 0.070429 0)
(0.446669 0.068071 0)
(0.456954 0.06948 0)
(0.466722 0.067141 0)
(0.477019 0.0685 0)
(0.486775 0.066109 0)
(0.497086 0.067393 0)
(0.506823 0.064926 0)
(0.517144 0.066122 0)
(0.526857 0.063576 0)
(0.537185 0.064672 0)
(0.546875 0.062047 0)
(0.557209 0.063013 0)
(0.566886 0.060288 0)
(0.577236 0.061059 0)
(0.586888 0.058168 0)
(0.597199 0.058581 0)
(0.606034 0.055391 0)
(0.613439 0.054998 0)
(0.622962 0.057535 0)
(0.636017 0.056922 0)
(0.645904 0.05332 0)
(0.655971 0.053401 0)
(0.664859 0.0501 0)
(0.672772 0.050315 0)
(0.684256 0.055508 0)
(0.69589 0.049479 0)
(0.706648 0.049328 0)
(0.716096 0.046144 0)
(0.726351 0.04665 0)
(0.745863 0.043886 0)
(0.735844 0.043503 0)
(4.21528 10.5915 0)
(9.49132 -6.41686 0)
(7.16883 8.90123 0)
(10.9742 -3.3588 0)
(9.49133 6.41686 0)
(11.4838 1e-06 0)
(1.0075 0.009494 0)
(10.9742 3.3588 0)
(0.99014 0.022065 0)
(0.98023 0.018821 0)
(0.970849 0.020724 0)
(0.95994 0.020829 0)
(0.951236 0.019217 0)
(0.942943 0.022034 0)
(0.932887 0.023628 0)
(0.923369 0.024503 0)
(0.914154 0.026071 0)
(0.904413 0.027571 0)
(0.894425 0.028954 0)
(0.884437 0.030203 0)
(0.87448 0.031385 0)
(0.864564 0.032523 0)
(0.854667 0.033654 0)
(0.844777 0.034782 0)
(0.834874 0.035922 0)
(0.824943 0.03707 0)
(0.814939 0.038226 0)
(0.804782 0.039353 0)
(0.794304 0.040363 0)
(0.783224 0.040866 0)
(0.773764 0.039154 0)
(0.764672 0.041558 0)
(0.755075 0.040852 0)
(0.406349 0.070348 0)
(0.396092 0.073459 0)
(0.382735 0.073388 0)
(0.372402 0.070162 0)
(0.361813 0.071003 0)
(0.352654 0.068014 0)
(0.345102 0.067994 0)
(0.335346 0.070946 0)
(0.321857 0.070457 0)
(0.312524 0.066926 0)
(0.305042 0.066457 0)
(0.295751 0.068523 0)
(0.285579 0.066787 0)
(0.275644 0.068448 0)
(0.265589 0.066435 0)
(0.255699 0.068138 0)
(0.245511 0.066177 0)
(0.235168 0.068313 0)
(0.221903 0.067061 0)
(0.212571 0.062976 0)
(0.204908 0.062323 0)
(0.194946 0.064669 0)
(0.181347 0.063141 0)
(0.172133 0.058804 0)
(0.042375 0.045683 0)
(-2.4966 11.0797 0)
(0.052927 0.047917 0)
(0.063408 0.049907 0)
(0.073857 0.051648 0)
(0.08433 0.053119 0)
(0.094817 0.054355 0)
(0.105427 0.055367 0)
(0.11649 0.056074 0)
(0.125813 0.054629 0)
(0.13539 0.057254 0)
(0.14519 0.056494 0)
(0.155192 0.059079 0)
(0.164652 0.057767 0)
(0.031514 0.043165 0)
(0.019907 0.040049 0)
(0.008319 0.035016 0)
(-5.65841 9.83767 0)
(-0.001131 0.028899 0)
(-8.3111 7.72395 0)
(-10.2209 4.92609 0)
(-0.012565 0.010476 0)
(-11.2197 1.69194 0)
(-11.2197 -1.69206 0)
(-0.012396 -0.010933 0)
(-10.2209 -4.92619 0)
(-8.3112 -7.72403 0)
(-0.000855 -0.029018 0)
(-5.65851 -9.83772 0)
(0.008462 -0.035036 0)
(-2.49668 -11.0797 0)
(0.031414 -0.04318 0)
(0.019896 -0.040052 0)
(0.042225 -0.045729 0)
(0.052745 -0.048009 0)
(0.063205 -0.050063 0)
(0.073663 -0.051879 0)
(0.084203 -0.053432 0)
(0.094813 -0.054708 0)
(0.105602 -0.055647 0)
(0.116841 -0.056071 0)
(0.126115 -0.054263 0)
(0.135532 -0.056302 0)
(0.144479 -0.055124 0)
(0.152103 -0.056946 0)
(0.162357 -0.064046 0)
(0.174812 -0.060818 0)
(0.406567 -0.07283 0)
(0.393379 -0.072956 0)
(0.382987 -0.070013 0)
(0.372452 -0.071058 0)
(0.363155 -0.068226 0)
(0.355603 -0.068268 0)
(0.34599 -0.071279 0)
(0.332529 -0.07083 0)
(0.323073 -0.067325 0)
(0.315589 -0.066954 0)
(0.306408 -0.069332 0)
(0.296006 -0.067956 0)
(0.285677 -0.070386 0)
(0.272385 -0.069516 0)
(0.262964 -0.065757 0)
(0.255326 -0.065313 0)
(0.245573 -0.067918 0)
(0.232 -0.066914 0)
(0.222585 -0.062927 0)
(0.215054 -0.062135 0)
(0.205594 -0.063814 0)
(0.195383 -0.061568 0)
(0.18541 -0.062788 0)
(0.755144 -0.042582 0)
(0.764391 -0.03964 0)
(0.773822 -0.040421 0)
(0.782959 -0.038133 0)
(0.792241 -0.040035 0)
(0.803359 -0.039765 0)
(0.814004 -0.03891 0)
(0.824372 -0.037815 0)
(0.834585 -0.036576 0)
(0.844664 -0.035275 0)
(0.854659 -0.03396 0)
(0.864586 -0.032688 0)
(0.874488 -0.031421 0)
(0.884367 -0.030154 0)
(0.894185 -0.028823 0)
(0.903734 -0.027466 0)
(0.912769 -0.026185 0)
(0.922115 -0.025901 0)
(0.932454 -0.025405 0)
(0.942805 -0.023816 0)
(0.952688 -0.022367 0)
(0.962615 -0.020946 0)
(0.971084 -0.018684 0)
(0.980405 -0.021434 0)
(0.995633 -0.009211 0)
(3.39481 -14.7668 0)
(7.60559 -13.1205 0)
(3.39484 14.7668 0)
(11.1439 -10.3071 0)
(7.6056 13.1205 0)
(13.6944 -6.57605 0)
(11.144 10.3071 0)
(15.0293 -2.25914 0)
(13.6944 6.57605 0)
(15.0293 2.25914 0)
(0.996558 0.011003 0)
(0.985435 0.010565 0)
(0.975365 0.010534 0)
(0.965336 0.011099 0)
(0.955501 0.011283 0)
(0.946105 0.011976 0)
(0.93652 0.013268 0)
(0.92672 0.014345 0)
(0.917023 0.015408 0)
(0.907289 0.016582 0)
(0.897417 0.017745 0)
(0.887485 0.018869 0)
(0.877554 0.019958 0)
(0.867639 0.021034 0)
(0.857739 0.022109 0)
(0.847845 0.023193 0)
(0.83795 0.024289 0)
(0.828045 0.025397 0)
(0.818113 0.026516 0)
(0.808122 0.027628 0)
(0.79802 0.028688 0)
(0.787775 0.029563 0)
(0.777732 0.029999 0)
(0.768054 0.030717 0)
(0.758406 0.031672 0)
(0.748727 0.032782 0)
(0.738961 0.033968 0)
(0.729127 0.035178 0)
(0.719243 0.036375 0)
(0.709337 0.037605 0)
(0.699281 0.039007 0)
(0.688824 0.040745 0)
(0.67829 0.041483 0)
(0.668441 0.041225 0)
(0.659082 0.042254 0)
(0.649391 0.043528 0)
(0.639388 0.04488 0)
(0.628852 0.04618 0)
(0.61845 0.046425 0)
(0.609044 0.046603 0)
(0.599838 0.047719 0)
(0.590142 0.048835 0)
(0.580221 0.049873 0)
(0.570255 0.050815 0)
(0.56028 0.051694 0)
(0.550307 0.052514 0)
(0.540332 0.053291 0)
(0.530358 0.054026 0)
(0.520379 0.054726 0)
(0.5104 0.055389 0)
(0.500415 0.056016 0)
(0.490429 0.056605 0)
(0.480439 0.057155 0)
(0.470448 0.057666 0)
(0.460455 0.058142 0)
(0.450461 0.058583 0)
(0.440464 0.059001 0)
(0.430464 0.059401 0)
(0.420449 0.059812 0)
(0.410383 0.06025 0)
(0.400154 0.060774 0)
(0.389409 0.061314 0)
(0.378651 0.060783 0)
(0.368411 0.060214 0)
(0.358539 0.059664 0)
(0.349203 0.059115 0)
(0.339688 0.059519 0)
(0.329163 0.059801 0)
(0.318709 0.058958 0)
(0.309285 0.058061 0)
(0.299962 0.058056 0)
(0.290175 0.057952 0)
(0.280202 0.057731 0)
(0.27022 0.057422 0)
(0.260239 0.057087 0)
(0.250212 0.056753 0)
(0.240024 0.056467 0)
(0.229341 0.056121 0)
(0.218907 0.054732 0)
(0.20943 0.053434 0)
(0.199846 0.053182 0)
(0.189277 0.052757 0)
(0.178841 0.051177 0)
(-1.11355 15.1008 0)
(0.169455 0.049615 0)
(0.160131 0.04895 0)
(0.150374 0.048133 0)
(0.140499 0.047168 0)
(0.130683 0.046166 0)
(0.120915 0.045286 0)
(0.110872 0.044646 0)
(0.100591 0.043567 0)
(0.090388 0.042265 0)
(0.080237 0.040788 0)
(0.070114 0.039128 0)
(0.060004 0.037274 0)
(0.049875 0.035207 0)
(0.039664 0.032881 0)
(0.029268 0.030152 0)
(0.018805 0.026667 0)
(-5.51898 14.0937 0)
(0.008709 0.022272 0)
(-9.43057 11.8354 0)
(-12.5017 8.52676 0)
(-14.4603 4.46134 0)
(-0.001685 0.017489 0)
(-15.133 -2.3e-05 0)
(-0.00861 -0.000146 0)
(-14.4603 -4.46138 0)
(-12.5017 -8.5268 0)
(-0.001506 -0.017631 0)
(-9.43063 -11.8355 0)
(0.008812 -0.022283 0)
(-5.51904 -14.0937 0)
(0.018841 -0.026646 0)
(0.029251 -0.030134 0)
(0.039617 -0.032876 0)
(0.049811 -0.03522 0)
(0.059927 -0.037311 0)
(0.070034 -0.039194 0)
(0.080169 -0.040884 0)
(0.090356 -0.042383 0)
(0.100619 -0.043671 0)
(0.110967 -0.04467 0)
(0.121027 -0.045162 0)
(0.130717 -0.045834 0)
(0.140251 -0.04664 0)
(0.149514 -0.047614 0)
(0.159095 -0.049835 0)
(0.169556 -0.051237 0)
(-1.11359 -15.1008 0)
(0.180148 -0.051654 0)
(0.190319 -0.052232 0)
(0.200323 -0.052848 0)
(0.210137 -0.05336 0)
(0.219489 -0.053748 0)
(0.228931 -0.05504 0)
(0.239404 -0.056311 0)
(0.24994 -0.056445 0)
(0.259489 -0.056457 0)
(0.268983 -0.057508 0)
(0.279449 -0.058618 0)
(0.290147 -0.058673 0)
(0.300346 -0.058617 0)
(0.310185 -0.058533 0)
(0.3195 -0.058419 0)
(0.328944 -0.05926 0)
(0.339411 -0.060066 0)
(0.349907 -0.059741 0)
(0.3594 -0.059287 0)
(0.368759 -0.059763 0)
(0.37865 -0.060209 0)
(0.388892 -0.060645 0)
(0.399624 -0.061048 0)
(0.410298 -0.060441 0)
(0.420467 -0.05989 0)
(0.430494 -0.059435 0)
(0.440486 -0.059005 0)
(0.450478 -0.058574 0)
(0.460481 -0.058109 0)
(0.470491 -0.0576 0)
(0.480514 -0.057023 0)
(0.490534 -0.056367 0)
(0.50052 -0.055594 0)
(0.51028 -0.054713 0)
(0.519544 -0.053792 0)
(0.52901 -0.053774 0)
(0.539463 -0.053651 0)
(0.549846 -0.052457 0)
(0.55928 -0.051285 0)
(0.568806 -0.051172 0)
(0.579333 -0.051016 0)
(0.589996 -0.049751 0)
(0.600151 -0.048414 0)
(0.609929 -0.047096 0)
(0.619161 -0.045837 0)
(0.628614 -0.045555 0)
(0.639053 -0.045177 0)
(0.649555 -0.043757 0)
(0.659501 -0.042336 0)
(0.669135 -0.041035 0)
(0.67844 -0.039995 0)
(0.68824 -0.040199 0)
(0.69872 -0.039466 0)
(0.709126 -0.037782 0)
(0.719143 -0.036405 0)
(0.729009 -0.035189 0)
(0.738859 -0.033999 0)
(0.74866 -0.032798 0)
(0.758399 -0.031625 0)
(0.768049 -0.030544 0)
(0.777669 -0.029627 0)
(0.787315 -0.02897 0)
(0.797334 -0.028616 0)
(0.807614 -0.027815 0)
(0.817789 -0.026792 0)
(0.827862 -0.025674 0)
(0.837865 -0.024515 0)
(0.84782 -0.02335 0)
(0.857742 -0.022201 0)
(0.867647 -0.021073 0)
(0.87754 -0.019955 0)
(0.887409 -0.018833 0)
(0.897197 -0.017708 0)
(0.906841 -0.016635 0)
(0.91647 -0.015786 0)
(0.926347 -0.015083 0)
(0.936426 -0.01417 0)
(0.946447 -0.013074 0)
(0.956353 -0.011991 0)
(0.966008 -0.010925 0)
(0.97567 -0.010656 0)
(0.986212 -0.010834 0)
(20 0 0)
(1 0 0)
(19.1115 -5.89511 0)
(16.5248 -11.2664 0)
(12.4698 -15.6366 0)
(7.30681 -18.6175 0)
(1.4946 -19.9441 0)
(-4.45042 -19.4986 0)
(-10 -17.3205 0)
(-14.661 -13.6035 0)
(-18.0194 -8.67766 0)
(-19.7766 -2.98083 0)
(-19.7766 2.98085 0)
(-18.0194 8.67769 0)
(-14.661 13.6035 0)
(-9.99998 17.3205 0)
(-4.4504 19.4986 0)
(1.49462 19.9441 0)
(7.30682 18.6175 0)
(12.4698 15.6366 0)
(16.5248 11.2664 0)
(19.1115 5.89511 0)
(0.990037 0.000229 0)
(0.980079 0.000636 0)
(0.970127 0.001159 0)
(0.96018 0.001768 0)
(0.950238 0.002456 0)
(0.9403 0.003206 0)
(0.930367 0.004007 0)
(0.920437 0.004852 0)
(0.910511 0.00574 0)
(0.900588 0.006664 0)
(0.890668 0.007617 0)
(0.88075 0.008595 0)
(0.870834 0.009594 0)
(0.860921 0.010614 0)
(0.85101 0.011654 0)
(0.8411 0.012712 0)
(0.831192 0.013784 0)
(0.821286 0.014868 0)
(0.81138 0.015964 0)
(0.801476 0.017066 0)
(0.791571 0.01817 0)
(0.781667 0.019274 0)
(0.771762 0.020378 0)
(0.761858 0.021482 0)
(0.751954 0.02259 0)
(0.742049 0.023693 0)
(0.732143 0.024784 0)
(0.722236 0.025866 0)
(0.712329 0.026946 0)
(0.702422 0.02802 0)
(0.692512 0.029077 0)
(0.682601 0.030119 0)
(0.672688 0.031149 0)
(0.662775 0.032167 0)
(0.65286 0.033172 0)
(0.642943 0.03416 0)
(0.633025 0.035129 0)
(0.623104 0.036077 0)
(0.613182 0.037006 0)
(0.603257 0.037915 0)
(0.593332 0.038807 0)
(0.583404 0.039678 0)
(0.573474 0.040521 0)
(0.563541 0.041336 0)
(0.553607 0.042125 0)
(0.54367 0.042886 0)
(0.533731 0.043618 0)
(0.52379 0.04432 0)
(0.513847 0.044994 0)
(0.503902 0.045637 0)
(0.493955 0.046244 0)
(0.484005 0.046812 0)
(0.474054 0.047341 0)
(0.4641 0.04783 0)
(0.454144 0.048279 0)
(0.444187 0.048684 0)
(0.434227 0.049041 0)
(0.424266 0.049346 0)
(0.414303 0.049595 0)
(0.404339 0.049786 0)
(0.394374 0.049917 0)
(0.384409 0.049988 0)
(0.374443 0.049999 0)
(0.364477 0.049955 0)
(0.354512 0.049866 0)
(0.344547 0.049735 0)
(0.334583 0.049558 0)
(0.324619 0.049337 0)
(0.314657 0.049075 0)
(0.304696 0.048775 0)
(0.294736 0.048437 0)
(0.284777 0.048058 0)
(0.27482 0.047633 0)
(0.264865 0.047163 0)
(0.254913 0.046656 0)
(0.244962 0.04611 0)
(0.235014 0.045515 0)
(0.225069 0.044868 0)
(0.215127 0.044175 0)
(0.205188 0.043441 0)
(0.195253 0.042663 0)
(0.185322 0.041836 0)
(0.175395 0.040953 0)
(0.165474 0.040012 0)
(0.155557 0.039018 0)
(0.145647 0.037968 0)
(0.135744 0.036851 0)
(0.125849 0.035664 0)
(0.115963 0.03441 0)
(0.106085 0.033084 0)
(0.096222 0.031663 0)
(0.08637 0.030157 0)
(0.076538 0.028534 0)
(0.066725 0.026792 0)
(0.056943 0.024892 0)
(0.047198 0.022805 0)
(0.037507 0.020483 0)
(0.02789 0.017869 0)
(0.018399 0.014832 0)
(0.009252 0.010897 0)
(0.001583 0.004673 0)
(0.001583 -0.004673 0)
(0.009253 -0.010897 0)
(0.018399 -0.014832 0)
(0.02789 -0.01787 0)
(0.037507 -0.020483 0)
(0.047198 -0.022805 0)
(0.056943 -0.024892 0)
(0.066726 -0.026792 0)
(0.076538 -0.028534 0)
(0.08637 -0.030157 0)
(0.096222 -0.031663 0)
(0.106086 -0.033084 0)
(0.115963 -0.03441 0)
(0.125849 -0.035664 0)
(0.135744 -0.036851 0)
(0.145647 -0.037968 0)
(0.155557 -0.039018 0)
(0.165473 -0.040012 0)
(0.175395 -0.040953 0)
(0.185322 -0.041836 0)
(0.195253 -0.042663 0)
(0.205189 -0.043441 0)
(0.215127 -0.044175 0)
(0.225069 -0.044868 0)
(0.235014 -0.045515 0)
(0.244962 -0.04611 0)
(0.254913 -0.046657 0)
(0.264866 -0.047164 0)
(0.27482 -0.047633 0)
(0.284777 -0.048058 0)
(0.294735 -0.048437 0)
(0.304696 -0.048775 0)
(0.314657 -0.049075 0)
(0.324619 -0.049337 0)
(0.334583 -0.049558 0)
(0.344547 -0.049735 0)
(0.354512 -0.049866 0)
(0.364478 -0.049955 0)
(0.374443 -0.049999 0)
(0.384409 -0.049988 0)
(0.394374 -0.049917 0)
(0.40434 -0.049786 0)
(0.414303 -0.049595 0)
(0.424266 -0.049346 0)
(0.434227 -0.049041 0)
(0.444186 -0.048684 0)
(0.454144 -0.048279 0)
(0.4641 -0.04783 0)
(0.474054 -0.047341 0)
(0.484005 -0.046812 0)
(0.493955 -0.046244 0)
(0.503902 -0.045637 0)
(0.513847 -0.044994 0)
(0.523791 -0.04432 0)
(0.533732 -0.043618 0)
(0.543671 -0.042886 0)
(0.553607 -0.042125 0)
(0.563541 -0.041336 0)
(0.573474 -0.040521 0)
(0.583404 -0.039678 0)
(0.593331 -0.038807 0)
(0.603257 -0.037915 0)
(0.613182 -0.037006 0)
(0.623104 -0.036077 0)
(0.633025 -0.035129 0)
(0.642944 -0.03416 0)
(0.65286 -0.033172 0)
(0.662775 -0.032167 0)
(0.672688 -0.031149 0)
(0.682601 -0.030119 0)
(0.692512 -0.029077 0)
(0.702422 -0.02802 0)
(0.71233 -0.026946 0)
(0.722237 -0.025866 0)
(0.732143 -0.024784 0)
(0.742049 -0.023693 0)
(0.751954 -0.02259 0)
(0.761858 -0.021482 0)
(0.771762 -0.020378 0)
(0.781666 -0.019274 0)
(0.791571 -0.01817 0)
(0.801475 -0.017066 0)
(0.81138 -0.015964 0)
(0.821286 -0.014868 0)
(0.831192 -0.013784 0)
(0.8411 -0.012712 0)
(0.85101 -0.011654 0)
(0.860921 -0.010614 0)
(0.870834 -0.009594 0)
(0.88075 -0.008595 0)
(0.890667 -0.007617 0)
(0.900588 -0.006664 0)
(0.910511 -0.00574 0)
(0.920437 -0.004852 0)
(0.930367 -0.004007 0)
(0.9403 -0.003206 0)
(0.950238 -0.002455 0)
(0.96018 -0.001768 0)
(0.970127 -0.001159 0)
(0.980079 -0.000636 0)
(0.990037 -0.000229 0)
(0.862211 -0.510605 0.2)
(0.774664 -0.603242 0.2)
(0.364098 -0.678379 0.2)
(0.3588 -0.776426 0.2)
(0.938338 -0.455188 0.2)
(1.08861 -0.480875 0.2)
(0.98454 -0.517707 0.2)
(1.14034 -0.392797 0.2)
(1.26183 -0.272857 0.2)
(1.33192 0.082624 0.2)
(1.27341 0.268856 0.2)
(0.551037 0.645416 0.2)
(0.657715 0.597277 0.2)
(0.773531 0.606157 0.2)
(0.628791 -0.582033 0.2)
(0.741877 -0.511944 0.2)
(0.450866 -0.55903 0.2)
(0.498147 -0.743663 0.2)
(0.717514 -0.739041 0.2)
(0.891295 -0.389523 0.2)
(0.292013 -0.573557 0.2)
(0.042523 -0.685521 0.2)
(0.142237 -0.570927 0.2)
(1.07834 -0.587293 0.2)
(-0.009272 -0.543361 0.2)
(-0.156019 -0.479967 0.2)
(1.23637 -0.360577 0.2)
(1.01366 -0.395891 0.2)
(-0.286625 -0.353481 0.2)
(1.20481 -0.204184 0.2)
(1.18049 -0.298799 0.2)
(1.30863 -0.1645 0.2)
(-0.407727 -0.231202 0.2)
(-0.286131 -0.221428 0.2)
(-0.323848 -0.134369 0.2)
(-0.446153 -0.073021 0.2)
(1.23146 -0.131323 0.2)
(1.26185 -0.065314 0.2)
(1.35034 -0.022514 0.2)
(-0.326398 -0.052903 0.2)
(1.26852 0.025892 0.2)
(1.25711 0.116047 0.2)
(1.32136 0.184395 0.2)
(1.23282 0.20077 0.2)
(1.19412 0.27966 0.2)
(1.23943 0.347024 0.2)
(0.387821 0.598746 0.2)
(0.553744 0.506306 0.2)
(0.469702 0.779535 0.2)
(0.197547 0.586858 0.2)
(0.68622 0.74127 0.2)
(0.721939 0.481355 0.2)
(0.896082 0.513579 0.2)
(1.04364 0.582697 0.2)
(1.04811 0.44739 0.2)
(1.14227 0.364928 0.2)
(0.078533 0.689822 0.2)
(0.047842 0.549259 0.2)
(-0.052782 0.496621 0.2)
(-0.153035 0.483016 0.2)
(-0.205923 0.376049 0.2)
(-0.333181 0.327403 0.2)
(-0.314313 0.214948 0.2)
(-0.345679 0.128383 0.2)
(-0.431235 0.223872 0.2)
(-0.471424 0.085195 0.2)
(-0.351426 0.025523 0.2)
(0.662764 -0.436044 0.2)
(0.555783 -0.472182 0.2)
(0.780752 -0.420557 0.2)
(0.220871 -0.734916 0.2)
(0.615472 -0.918447 0.2)
(0.351477 -0.4517 0.2)
(0.922378 -0.664144 0.2)
(0.221635 -0.441087 0.2)
(-0.034988 -0.411184 0.2)
(-0.136102 -0.669202 0.2)
(0.084422 -0.444102 0.2)
(1.22106 -0.500191 0.2)
(0.951219 -0.322289 0.2)
(-0.340186 -0.565409 0.2)
(-0.133926 -0.342817 0.2)
(1.13678 -0.244517 0.2)
(1.09433 -0.309666 0.2)
(1.36952 -0.329833 0.2)
(-0.506785 -0.404506 0.2)
(-0.186467 -0.239429 0.2)
(-0.232892 -0.154234 0.2)
(-0.612889 -0.21027 0.2)
(1.17922 -0.138271 0.2)
(1.19566 -0.081971 0.2)
(1.46656 -0.120559 0.2)
(-0.254673 -0.079355 0.2)
(1.1931 0.059853 0.2)
(1.45099 0.107228 0.2)
(1.20675 -0.015849 0.2)
(1.18478 0.13958 0.2)
(1.36815 0.325168 0.2)
(1.15578 0.209767 0.2)
(0.415226 0.442014 0.2)
(0.282353 0.466859 0.2)
(0.623329 0.402406 0.2)
(0.829218 0.390538 0.2)
(0.901898 0.690556 0.2)
(0.59826 0.939482 0.2)
(0.946107 0.38464 0.2)
(1.20836 0.48782 0.2)
(1.04271 0.339284 0.2)
(0.247884 0.760347 0.2)
(0.145391 0.454841 0.2)
(0.028042 0.429045 0.2)
(-0.105056 0.63921 0.2)
(-0.078844 0.384795 0.2)
(-0.322545 0.524196 0.2)
(-0.218559 0.247335 0.2)
(-0.252228 0.153525 0.2)
(-0.517417 0.388266 0.2)
(-0.623591 0.207777 0.2)
(1.11034 0.277355 0.2)
(-0.267305 0.071543 0.2)
(-0.65212 0.001514 0.2)
(-0.265761 -0.006207 0.2)
(0.642576 -0.341253 0.2)
(0.57116 -0.374836 0.2)
(0.719042 -0.343284 0.2)
(0.352999 -0.947718 0.2)
(0.465207 -0.404457 0.2)
(0.866651 -0.916294 0.2)
(0.301316 -0.373879 0.2)
(-0.006476 -0.913376 0.2)
(0.141317 -0.349452 0.2)
(0.376041 -0.353309 0.2)
(1.17131 -0.763809 0.2)
(0.80755 -0.325518 0.2)
(-0.352609 -0.84059 0.2)
(-0.041119 -0.310678 0.2)
(0.044122 -0.34383 0.2)
(1.07398 -0.232318 0.2)
(1.01585 -0.286685 0.2)
(0.884442 -0.288491 0.2)
(1.45438 -0.574298 0.2)
(-0.615731 -0.663224 0.2)
(-0.10122 -0.263059 0.2)
(-0.799412 -0.421885 0.2)
(-0.165436 -0.15738 0.2)
(1.12569 -0.173526 0.2)
(1.62502 -0.307938 0.2)
(1.13385 -0.098639 0.2)
(-0.185912 -0.097849 0.2)
(1.68173 -0.003727 0.2)
(1.16038 0.008162 0.2)
(1.15526 -0.04115 0.2)
(1.14319 0.098269 0.2)
(1.62055 0.302106 0.2)
(1.12084 0.149651 0.2)
(0.331086 0.365363 0.2)
(0.419084 0.339664 0.2)
(0.517923 0.369443 0.2)
(0.606069 0.305976 0.2)
(0.7153 0.343627 0.2)
(0.804491 0.299412 0.2)
(0.85052 0.927501 0.2)
(0.886465 0.311957 0.2)
(1.15684 0.766498 0.2)
(0.35003 0.994324 0.2)
(0.219619 0.348162 0.2)
(0.008368 0.919116 0.2)
(0.009708 0.341957 0.2)
(0.100745 0.344938 0.2)
(-0.340729 0.826138 0.2)
(-0.132588 0.296546 0.2)
(-0.180903 0.164405 0.2)
(-0.802959 0.414881 0.2)
(-0.612834 0.648337 0.2)
(1.44773 0.570413 0.2)
(1.08537 0.205649 0.2)
(1.03473 0.2563 0.2)
(0.967344 0.294979 0.2)
(-0.194874 0.099018 0.2)
(-0.89699 0.14282 0.2)
(-0.203228 0.030883 0.2)
(-0.200178 -0.034257 0.2)
(-0.894849 -0.144606 0.2)
(0.589219 -0.28234 0.2)
(0.671649 -0.267606 0.2)
(0.645475 -1.2489 0.2)
(0.511717 -0.309772 0.2)
(0.14225 -1.31195 0.2)
(0.236566 -0.317858 0.2)
(0.438188 -0.306351 0.2)
(0.378927 -0.278655 0.2)
(0.318847 -0.302272 0.2)
(1.13233 -1.16687 0.2)
(0.750207 -0.265455 0.2)
(-0.318512 -1.22981 0.2)
(0.021001 -0.265122 0.2)
(0.166451 -0.267473 0.2)
(0.093283 -0.276856 0.2)
(1.01 -0.208908 0.2)
(0.950151 -0.246788 0.2)
(1.52553 -0.93524 0.2)
(0.820418 -0.242257 0.2)
(-0.712631 -1.03567 0.2)
(-0.042279 -0.234145 0.2)
(-0.102924 -0.186985 0.2)
(1.05875 -0.167797 0.2)
(1.0884 -0.126904 0.2)
(1.81205 -0.606609 0.2)
(-1.01047 -0.744996 0.2)
(-0.120422 -0.110284 0.2)
(1.96086 -0.211279 0.2)
(1.11961 -0.007792 0.2)
(1.11277 -0.050324 0.2)
(1.12507 0.04609 0.2)
(1.95966 0.207635 0.2)
(1.09014 0.095377 0.2)
(0.359533 0.292937 0.2)
(0.416373 0.270904 0.2)
(0.47437 0.292384 0.2)
(0.67552 0.258603 0.2)
(0.74358 0.259694 0.2)
(0.797033 0.235161 0.2)
(0.852365 0.249125 0.2)
(1.12414 1.17206 0.2)
(0.638461 1.26326 0.2)
(0.291655 0.296994 0.2)
(0.206365 0.280012 0.2)
(0.143396 1.32379 0.2)
(0.243562 0.282625 0.2)
(0.532816 0.291239 0.2)
(0.044011 0.277194 0.2)
(0.103308 0.27208 0.2)
(0.157948 0.286651 0.2)
(-0.31332 1.22933 0.2)
(-0.043281 0.272218 0.2)
(-0.117118 0.205011 0.2)
(-0.709125 1.0292 0.2)
(1.51945 0.935394 0.2)
(1.0242 0.189213 0.2)
(0.974489 0.22432 0.2)
(0.915149 0.245405 0.2)
(1.80866 0.604078 0.2)
(1.06324 0.146615 0.2)
(-0.125471 0.12035 0.2)
(-1.01009 0.73919 0.2)
(-1.19723 0.385971 0.2)
(-0.14561 0.056051 0.2)
(-1.25998 -0.000902 0.2)
(-0.151228 -0.000437 0.2)
(-0.14478 -0.054369 0.2)
(-1.19632 -0.389029 0.2)
(0.621895 -0.220375 0.2)
(0.574997 -0.220378 0.2)
(0.531514 -0.240607 0.2)
(0.400155 -1.81117 0.2)
(0.420936 -0.242052 0.2)
(1.02118 -1.70555 0.2)
(0.474629 -0.248734 0.2)
(-0.217624 -1.76788 0.2)
(0.223539 -0.238145 0.2)
(0.280405 -0.248401 0.2)
(0.179695 -0.206263 0.2)
(0.123169 -0.212153 0.2)
(0.063168 -0.217622 0.2)
(0.379894 -0.227612 0.2)
(0.337233 -0.239502 0.2)
(0.953007 -0.170802 0.2)
(1.57935 -1.45435 0.2)
(0.886427 -0.20165 0.2)
(0.770256 -0.200672 0.2)
(0.824424 -0.170106 0.2)
(0.66662 -0.207054 0.2)
(0.713501 -0.211449 0.2)
(-0.776743 -1.5662 0.2)
(0.008998 -0.202152 0.2)
(-0.037882 -0.173089 0.2)
(1.04563 -0.116935 0.2)
(1.00783 -0.148099 0.2)
(2.01904 -1.05962 0.2)
(-1.2341 -1.22655 0.2)
(-0.066752 -0.130783 0.2)
(2.30075 -0.558781 0.2)
(1.07706 -0.077899 0.2)
(1.07731 -0.026174 0.2)
(2.39731 -0.000901 0.2)
(1.08608 0.016994 0.2)
(1.08168 0.052083 0.2)
(0.375336 0.235948 0.2)
(0.415037 0.224353 0.2)
(0.454619 0.236593 0.2)
(0.661094 0.198913 0.2)
(0.710139 0.21054 0.2)
(0.757463 0.206038 0.2)
(1.01738 1.71012 0.2)
(0.32385 0.244303 0.2)
(0.398337 1.81694 0.2)
(0.079549 0.216786 0.2)
(0.135163 0.231923 0.2)
(0.18344 0.238504 0.2)
(0.272922 0.24371 0.2)
(0.227786 0.240321 0.2)
(-0.216787 1.77061 0.2)
(0.616109 0.228566 0.2)
(0.560314 0.242528 0.2)
(0.504899 0.242649 0.2)
(0.015492 0.21277 0.2)
(-0.042542 0.18745 0.2)
(-0.775035 1.56493 0.2)
(1.5757 1.45589 0.2)
(0.878665 0.198465 0.2)
(0.792546 0.1932 0.2)
(0.829958 0.199024 0.2)
(2.01655 1.05913 0.2)
(1.01178 0.1316 0.2)
(0.929129 0.187903 0.2)
(0.974574 0.166902 0.2)
(1.04664 0.106065 0.2)
(-0.078324 0.149872 0.2)
(-1.23313 1.22371 0.2)
(2.29954 0.557274 0.2)
(-1.5567 0.778028 0.2)
(-1.72367 0.26644 0.2)
(-0.094526 0.066278 0.2)
(-0.107435 0.021479 0.2)
(-0.103701 -0.062101 0.2)
(-0.108864 -0.022817 0.2)
(-1.72357 -0.268029 0.2)
(-1.55679 -0.78041 0.2)
(0.590378 -0.171647 0.2)
(0.542554 -0.186142 0.2)
(0.816517 -2.4358 0.2)
(0.496073 -0.19567 0.2)
(0.448408 -0.197636 0.2)
(0.007857 -2.47717 0.2)
(0.218567 -0.190331 0.2)
(0.403724 -0.19316 0.2)
(0.25797 -0.196221 0.2)
(0.356839 -0.184563 0.2)
(0.306141 -0.194825 0.2)
(1.58296 -2.18012 0.2)
(0.867065 -0.149256 0.2)
(0.639483 -0.171867 0.2)
(0.687271 -0.162564 0.2)
(0.735734 -0.163638 0.2)
(-0.767994 -2.30233 0.2)
(0.005267 -0.148848 0.2)
(0.045563 -0.169585 0.2)
(0.087375 -0.174992 0.2)
(0.152214 -0.169806 0.2)
(0.119772 -0.167646 0.2)
(1.00727 -0.103299 0.2)
(2.23321 -1.72542 0.2)
(0.972282 -0.121316 0.2)
(0.938695 -0.125822 0.2)
(0.905975 -0.142682 0.2)
(0.807428 -0.123556 0.2)
(0.777632 -0.149617 0.2)
(-1.44442 -1.92655 0.2)
(-0.028537 -0.132765 0.2)
(2.70482 -1.10706 0.2)
(1.03415 -0.078517 0.2)
(1.04667 -0.048569 0.2)
(2.95252 -0.381697 0.2)
(1.0572 0.03401 0.2)
(1.05548 0.004229 0.2)
(0.391925 0.184955 0.2)
(0.436642 0.191466 0.2)
(0.691627 0.166701 0.2)
(0.654402 0.152499 0.2)
(0.731088 0.169908 0.2)
(0.345222 0.195383 0.2)
(0.165214 0.192211 0.2)
(0.0872 0.168759 0.2)
(0.12168 0.182331 0.2)
(0.007465 2.47896 0.2)
(0.815156 2.43798 0.2)
(0.526876 0.195141 0.2)
(0.208292 0.196559 0.2)
(0.479929 0.195295 0.2)
(0.252334 0.196961 0.2)
(0.298644 0.197401 0.2)
(0.050361 0.169821 0.2)
(0.005435 0.152051 0.2)
(-0.76756 2.30268 0.2)
(1.58124 2.18147 0.2)
(0.84975 0.155821 0.2)
(0.618721 0.173535 0.2)
(0.574749 0.188515 0.2)
(2.2318 1.72569 0.2)
(0.970917 0.126409 0.2)
(1.01847 0.087829 0.2)
(0.7694 0.164327 0.2)
(0.807787 0.158796 0.2)
(-0.037414 0.13339 0.2)
(-1.44381 1.92565 0.2)
(2.70397 1.10665 0.2)
(1.04989 0.068365 0.2)
(2.95224 0.380982 0.2)
(0.894196 0.149664 0.2)
(0.936911 0.138969 0.2)
(-2.29688 0.721905 0.2)
(-0.069714 0.104585 0.2)
(-0.069688 0.032138 0.2)
(-1.96692 1.38283 0.2)
(-0.070807 -0.040155 0.2)
(-0.076113 -0.002063 0.2)
(-2.40955 -0.000496 0.2)
(-2.29698 -0.72303 0.2)
(-0.073762 -0.083763 0.2)
(-1.96728 -1.38411 0.2)
(0.439447 -3.38499 0.2)
(0.388734 -0.153531 0.2)
(0.425978 -0.153654 0.2)
(1.48496 -3.17535 0.2)
(0.468017 -0.152535 0.2)
(0.653535 -0.130637 0.2)
(0.510927 -0.148058 0.2)
(0.617629 -0.137253 0.2)
(0.551667 -0.13978 0.2)
(-0.617404 -3.29535 0.2)
(0.038929 -0.130821 0.2)
(0.070332 -0.139258 0.2)
(0.193397 -0.157208 0.2)
(0.237321 -0.152664 0.2)
(0.280367 -0.151952 0.2)
(0.322342 -0.147756 0.2)
(0.163447 -0.134622 0.2)
(2.42298 -2.68045 0.2)
(0.97864 -0.085179 0.2)
(0.94834 -0.094665 0.2)
(0.777901 -0.112315 0.2)
(0.749377 -0.125905 0.2)
(0.716037 -0.129808 0.2)
(0.685935 -0.121262 0.2)
(-1.59187 -2.91704 0.2)
(-0.00634 -0.112474 0.2)
(0.017208 -0.117423 0.2)
(0.133608 -0.138841 0.2)
(0.102662 -0.140205 0.2)
(1.02295 -0.054913 0.2)
(1.00491 -0.070322 0.2)
(3.16529 -1.93975 0.2)
(3.64122 -1.01798 0.2)
(1.04318 -0.019992 0.2)
(0.420754 0.153648 0.2)
(0.68083 0.130172 0.2)
(0.712148 0.135922 0.2)
(0.35996 0.154565 0.2)
(0.151919 0.145716 0.2)
(0.439095 3.38575 0.2)
(0.321616 0.153285 0.2)
(0.276039 0.148599 0.2)
(0.230375 0.153012 0.2)
(0.040992 0.130403 0.2)
(-0.617368 3.29574 0.2)
(0.073483 0.136686 0.2)
(0.190444 0.156313 0.2)
(1.48434 3.17604 0.2)
(0.621801 0.129478 0.2)
(0.584262 0.140768 0.2)
(0.542191 0.148248 0.2)
(0.498923 0.151724 0.2)
(0.457173 0.152673 0.2)
(2.42236 2.68077 0.2)
(0.984974 0.09616 0.2)
(0.781309 0.122139 0.2)
(0.745343 0.133639 0.2)
(0.110694 0.136761 0.2)
(-0.006787 0.112308 0.2)
(0.017998 0.11752 0.2)
(-1.59158 2.91687 0.2)
(3.16484 1.93973 0.2)
(1.02196 0.060962 0.2)
(1.0333 0.042472 0.2)
(1.03669 0.020467 0.2)
(3.641 1.01777 0.2)
(0.946932 0.096864 0.2)
(3.80507 -0.000131 0.2)
(0.822573 0.11594 0.2)
(0.906006 0.103741 0.2)
(0.864239 0.110517 0.2)
(-0.050589 0.064291 0.2)
(-2.97885 1.45424 0.2)
(-2.40084 2.28431 0.2)
(-0.032723 0.094677 0.2)
(-0.050128 -0.013645 0.2)
(-0.05016 0.010318 0.2)
(-3.27963 0.498846 0.2)
(-3.2797 -0.499506 0.2)
(-0.044271 -0.062709 0.2)
(-2.97906 -1.45491 0.2)
(-2.40115 -2.28486 0.2)
(-0.036066 -0.096915 0.2)
(0.84167 -0.122452 0.2)
(0.876829 -0.108706 0.2)
(0.914035 -0.099171 0.2)
(0.58498 -0.124338 0.2)
(1.19513 -4.50911 0.2)
(0.561288 -0.114366 0.2)
(-0.219803 -4.5974 0.2)
(0.545051 -0.113505 0.2)
(0.187465 -0.120123 0.2)
(0.526648 -0.119358 0.2)
(0.214354 -0.125345 0.2)
(0.505795 -0.118236 0.2)
(0.237033 -0.121436 0.2)
(0.485633 -0.124003 0.2)
(0.258546 -0.125518 0.2)
(0.464337 -0.121844 0.2)
(0.279328 -0.121676 0.2)
(0.444228 -0.126692 0.2)
(0.299834 -0.124586 0.2)
(0.423604 -0.123859 0.2)
(0.318943 -0.12014 0.2)
(0.404211 -0.128315 0.2)
(0.335252 -0.122541 0.2)
(0.382728 -0.126209 0.2)
(0.357938 -0.135413 0.2)
(2.52588 -4.01896 0.2)
(0.956411 -0.063913 0.2)
(0.7982 -0.09215 0.2)
(0.666824 -0.103886 0.2)
(0.647836 -0.10439 0.2)
(0.629465 -0.111162 0.2)
(0.608063 -0.112401 0.2)
(0.776925 -0.08504 0.2)
(0.756422 -0.096195 0.2)
(0.731342 -0.102107 0.2)
(0.685533 -0.097338 0.2)
(0.705623 -0.101463 0.2)
(-1.59225 -4.27979 0.2)
(0.013073 -0.093007 0.2)
(0.035467 -0.100176 0.2)
(0.060224 -0.107064 0.2)
(0.087731 -0.110305 0.2)
(0.117568 -0.108049 0.2)
(0.167642 -0.109565 0.2)
(0.146152 -0.111104 0.2)
(0.982416 -0.057191 0.2)
(1.00358 -0.043073 0.2)
(3.65077 -3.16636 0.2)
(1.02495 -0.034533 0.2)
(4.46526 -2.02471 0.2)
(0.390282 0.137923 0.2)
(0.413485 0.126907 0.2)
(0.434721 0.127761 0.2)
(0.675885 0.10369 0.2)
(0.698416 0.106805 0.2)
(0.366253 0.127173 0.2)
(0.158673 0.114539 0.2)
(-0.219786 4.59757 0.2)
(0.179475 0.123469 0.2)
(0.206954 0.126135 0.2)
(1.195 4.50935 0.2)
(0.577244 0.112379 0.2)
(0.228517 0.121449 0.2)
(0.557773 0.118998 0.2)
(0.249868 0.124261 0.2)
(0.536435 0.117783 0.2)
(0.268743 0.11881 0.2)
(0.516277 0.123345 0.2)
(0.283886 0.118982 0.2)
(0.494891 0.120873 0.2)
(0.302836 0.124904 0.2)
(0.474807 0.125625 0.2)
(0.324203 0.122965 0.2)
(0.454009 0.122753 0.2)
(0.344342 0.128177 0.2)
(2.52569 4.01913 0.2)
(0.797478 0.091428 0.2)
(0.652357 0.114094 0.2)
(0.630405 0.105629 0.2)
(0.614915 0.105502 0.2)
(0.597442 0.112173 0.2)
(0.752236 0.101252 0.2)
(0.773335 0.088115 0.2)
(0.725369 0.107032 0.2)
(0.114012 0.10165 0.2)
(0.136535 0.113365 0.2)
(0.013603 0.092561 0.2)
(0.03658 0.099556 0.2)
(-1.59208 4.27977 0.2)
(0.061888 0.105596 0.2)
(0.089437 0.107399 0.2)
(0.996032 0.063328 0.2)
(3.65061 3.16642 0.2)
(1.02167 0.02856 0.2)
(1.01207 0.042852 0.2)
(0.966376 0.069776 0.2)
(0.942888 0.067256 0.2)
(4.89273 -0.696439 0.2)
(1.0321 0.000339 0.2)
(4.46515 2.02468 0.2)
(4.8927 0.696372 0.2)
(0.81761 0.084935 0.2)
(0.838732 0.086218 0.2)
(0.858364 0.079677 0.2)
(0.879516 0.080614 0.2)
(0.899304 0.073631 0.2)
(0.921282 0.073886 0.2)
(-0.024326 0.07054 0.2)
(-2.80206 3.58651 0.2)
(-0.007781 0.083383 0.2)
(-0.039908 0.032903 0.2)
(-3.74648 2.57996 0.2)
(-4.34628 1.34857 0.2)
(-0.035979 -0.000959 0.2)
(-4.55189 -0.000224 0.2)
(-4.34641 -1.349 0.2)
(-0.038703 -0.034823 0.2)
(-3.7467 -2.58033 0.2)
(-0.023584 -0.070985 0.2)
(-2.8023 -3.58674 0.2)
(-0.008321 -0.084128 0.2)
(0.823757 -0.093537 0.2)
(0.849988 -0.088627 0.2)
(0.869198 -0.079152 0.2)
(0.889709 -0.078474 0.2)
(0.930012 -0.071657 0.2)
(0.908827 -0.070819 0.2)
(0.575487 -6.2493 0.2)
(0.370412 -0.107139 0.2)
(0.391943 -0.106837 0.2)
(0.411833 -0.106097 0.2)
(0.431509 -0.104764 0.2)
(2.43219 -5.84593 0.2)
(0.451626 -0.10358 0.2)
(0.775768 -0.066419 0.2)
(0.472029 -0.102293 0.2)
(0.760784 -0.072563 0.2)
(0.492568 -0.100654 0.2)
(0.740641 -0.077824 0.2)
(0.513172 -0.098595 0.2)
(0.718587 -0.079872 0.2)
(0.533289 -0.097236 0.2)
(0.695157 -0.076797 0.2)
(0.552392 -0.096139 0.2)
(0.67333 -0.082006 0.2)
(0.572407 -0.097403 0.2)
(0.65411 -0.086075 0.2)
(0.593608 -0.096351 0.2)
(0.634936 -0.088953 0.2)
(0.61467 -0.091976 0.2)
(-1.31445 -6.09807 0.2)
(0.030524 -0.073154 0.2)
(0.052894 -0.078206 0.2)
(0.076222 -0.082167 0.2)
(0.0998 -0.083773 0.2)
(0.118046 -0.083287 0.2)
(0.135444 -0.087627 0.2)
(0.159278 -0.08706 0.2)
(0.181692 -0.094412 0.2)
(0.203825 -0.099043 0.2)
(0.226503 -0.101254 0.2)
(0.247976 -0.102296 0.2)
(0.268704 -0.102947 0.2)
(0.288825 -0.103241 0.2)
(0.308734 -0.102523 0.2)
(0.328222 -0.103091 0.2)
(0.34843 -0.10617 0.2)
(0.983319 -0.03629 0.2)
(4.08901 -4.92017 0.2)
(0.967214 -0.043762 0.2)
(5.39527 -3.55134 0.2)
(1.01058 -0.025579 0.2)
(0.400332 0.109222 0.2)
(0.421178 0.10639 0.2)
(0.685621 0.08032 0.2)
(0.379044 0.109197 0.2)
(0.575536 6.24935 0.2)
(0.441486 0.104538 0.2)
(0.46165 0.103358 0.2)
(0.481942 0.10234 0.2)
(2.43218 5.84599 0.2)
(0.502356 0.101203 0.2)
(0.769093 0.068086 0.2)
(0.522793 0.09979 0.2)
(0.754156 0.075128 0.2)
(0.543193 0.097986 0.2)
(0.733369 0.080919 0.2)
(0.563426 0.09577 0.2)
(0.710375 0.083183 0.2)
(0.583391 0.093088 0.2)
(0.602985 0.090266 0.2)
(0.661912 0.086503 0.2)
(0.621727 0.088678 0.2)
(0.640921 0.0892 0.2)
(0.151823 0.092742 0.2)
(0.031031 0.072802 0.2)
(-1.31432 6.09806 0.2)
(0.053643 0.077562 0.2)
(0.076916 0.080929 0.2)
(0.09936 0.081746 0.2)
(0.116223 0.081661 0.2)
(0.131516 0.088127 0.2)
(0.173063 0.097182 0.2)
(0.195227 0.100856 0.2)
(0.217369 0.1018 0.2)
(0.237939 0.102167 0.2)
(0.257596 0.101381 0.2)
(0.276329 0.100547 0.2)
(0.295424 0.101649 0.2)
(0.3157 0.103424 0.2)
(0.336333 0.104782 0.2)
(0.357475 0.106217 0.2)
(0.993166 0.038186 0.2)
(4.08898 4.9202 0.2)
(0.975363 0.046936 0.2)
(1.0221 -0.015436 0.2)
(6.23084 -1.86045 0.2)
(6.23083 1.86044 0.2)
(1.01988 0.013597 0.2)
(5.39524 3.55134 0.2)
(6.51828 -6e-06 0.2)
(0.952589 0.046981 0.2)
(0.927862 0.047627 0.2)
(0.905432 0.052737 0.2)
(0.884749 0.056053 0.2)
(0.864588 0.058795 0.2)
(0.844555 0.061347 0.2)
(0.824456 0.063854 0.2)
(0.804142 0.066503 0.2)
(0.785032 0.070097 0.2)
(-0.00702 0.060871 0.2)
(0.010222 0.069222 0.2)
(-3.07023 5.40834 0.2)
(-0.023803 0.049702 0.2)
(-4.539 4.24268 0.2)
(-5.59398 2.70429 0.2)
(-0.029326 0.013374 0.2)
(-6.14494 0.928492 0.2)
(-6.14499 -0.928798 0.2)
(-0.029017 -0.01476 0.2)
(-5.59412 -2.70456 0.2)
(-0.022278 -0.049974 0.2)
(-4.5392 -4.24287 0.2)
(-3.07041 -5.40845 0.2)
(-0.006747 -0.061206 0.2)
(0.00995 -0.069573 0.2)
(0.79082 -0.069496 0.2)
(0.810906 -0.068007 0.2)
(0.833334 -0.065695 0.2)
(0.854633 -0.061519 0.2)
(0.874732 -0.05772 0.2)
(0.894751 -0.054085 0.2)
(0.915834 -0.04948 0.2)
(0.951386 -0.043077 0.2)
(0.936792 -0.050379 0.2)
(1.97 -8.26165 0.2)
(0.678125 -0.061142 0.2)
(0.659561 -0.06568 0.2)
(0.641758 -0.070398 0.2)
(-0.569602 -8.44051 0.2)
(0.62162 -0.06872 0.2)
(0.176482 -0.074243 0.2)
(0.600343 -0.073483 0.2)
(0.195152 -0.076118 0.2)
(0.581268 -0.077881 0.2)
(0.217381 -0.07684 0.2)
(0.560962 -0.074797 0.2)
(0.238051 -0.082539 0.2)
(0.541378 -0.078976 0.2)
(0.258706 -0.080118 0.2)
(0.521114 -0.076235 0.2)
(0.278639 -0.084825 0.2)
(0.499668 -0.079284 0.2)
(0.29758 -0.082777 0.2)
(0.479163 -0.081094 0.2)
(0.318874 -0.081109 0.2)
(0.45888 -0.082399 0.2)
(0.33894 -0.085904 0.2)
(0.438772 -0.083562 0.2)
(0.35958 -0.082916 0.2)
(0.418967 -0.085089 0.2)
(0.381631 -0.085513 0.2)
(0.400703 -0.088136 0.2)
(0.70974 -0.060949 0.2)
(0.727882 -0.059033 0.2)
(0.747513 -0.056128 0.2)
(4.34724 -7.34788 0.2)
(0.995248 -0.022694 0.2)
(6.3489 -5.77759 0.2)
(0.408395 0.086259 0.2)
(1.97005 8.26166 0.2)
(0.667763 0.063417 0.2)
(0.648461 0.067812 0.2)
(-0.569512 8.44049 0.2)
(0.63018 0.071585 0.2)
(0.166195 0.07233 0.2)
(0.610565 0.068763 0.2)
(0.186462 0.079256 0.2)
(0.589694 0.072198 0.2)
(0.207667 0.077662 0.2)
(0.569596 0.074673 0.2)
(0.227763 0.082992 0.2)
(0.549516 0.076696 0.2)
(0.24654 0.08142 0.2)
(0.529381 0.078391 0.2)
(0.266203 0.081077 0.2)
(0.509205 0.079823 0.2)
(0.286082 0.081122 0.2)
(0.489018 0.081035 0.2)
(0.307537 0.080542 0.2)
(0.468847 0.082093 0.2)
(0.327583 0.08545 0.2)
(0.448709 0.083119 0.2)
(0.348374 0.082492 0.2)
(0.428563 0.084369 0.2)
(0.370231 0.085877 0.2)
(0.389491 0.089424 0.2)
(0.700316 0.063084 0.2)
(0.718886 0.060987 0.2)
(0.738892 0.0579 0.2)
(4.34726 7.34788 0.2)
(7.79406 -3.6888 0.2)
(1.00594 0.023667 0.2)
(6.34891 5.7776 0.2)
(8.55124 -1.26774 0.2)
(7.79406 3.6888 0.2)
(8.55124 1.26774 0.2)
(1.01476 -0.00072 0.2)
(1.00646 -0.012267 0.2)
(0.964941 0.032609 0.2)
(0.97915 0.029972 0.2)
(0.951801 0.029419 0.2)
(0.9394 0.033939 0.2)
(0.928828 0.032896 0.2)
(0.921176 0.033934 0.2)
(0.912298 0.037769 0.2)
(0.901557 0.037763 0.2)
(0.891875 0.041161 0.2)
(0.881366 0.0406 0.2)
(0.87179 0.043803 0.2)
(0.861449 0.043045 0.2)
(0.851912 0.046216 0.2)
(0.841617 0.045402 0.2)
(0.832033 0.048595 0.2)
(0.821685 0.047776 0.2)
(0.811921 0.051014 0.2)
(0.801205 0.050171 0.2)
(0.790551 0.053464 0.2)
(0.774916 0.052539 0.2)
(0.757574 0.054298 0.2)
(0.034661 0.055316 0.2)
(0.045246 0.059849 0.2)
(0.008263 0.050377 0.2)
(-3.04557 7.87113 0.2)
(0.022703 0.055148 0.2)
(0.056484 0.059814 0.2)
(0.067074 0.063861 0.2)
(0.078167 0.063224 0.2)
(0.088836 0.066481 0.2)
(0.099718 0.065264 0.2)
(0.110452 0.068114 0.2)
(0.125751 0.068143 0.2)
(0.144465 0.070646 0.2)
(-0.005174 0.042078 0.2)
(-5.23967 6.60573 0.2)
(-0.016177 0.027821 0.2)
(-6.95951 4.75693 0.2)
(-8.05512 2.48823 0.2)
(-8.43123 -0.000103 0.2)
(-0.021304 -0.000432 0.2)
(-8.0552 -2.48842 0.2)
(-0.015615 -0.028378 0.2)
(-6.95964 -4.75709 0.2)
(-5.23982 -6.60583 0.2)
(-0.004727 -0.042256 0.2)
(-3.0457 -7.87119 0.2)
(0.008314 -0.050501 0.2)
(0.145113 -0.067902 0.2)
(0.126801 -0.067799 0.2)
(0.111058 -0.068795 0.2)
(0.099893 -0.066038 0.2)
(0.088716 -0.067298 0.2)
(0.077846 -0.063779 0.2)
(0.066655 -0.064327 0.2)
(0.056117 -0.060087 0.2)
(0.022521 -0.055273 0.2)
(0.044891 -0.060067 0.2)
(0.034414 -0.055433 0.2)
(0.76597 -0.052836 0.2)
(0.783075 -0.051555 0.2)
(0.798538 -0.053197 0.2)
(0.809653 -0.050229 0.2)
(0.820663 -0.051399 0.2)
(0.830987 -0.047969 0.2)
(0.841644 -0.04863 0.2)
(0.851483 -0.044954 0.2)
(0.861883 -0.045494 0.2)
(0.871428 -0.04201 0.2)
(0.881763 -0.042502 0.2)
(0.891249 -0.039077 0.2)
(0.901585 -0.039246 0.2)
(0.910228 -0.035641 0.2)
(0.917597 -0.035045 0.2)
(0.927394 -0.037149 0.2)
(0.939944 -0.035447 0.2)
(0.949119 -0.031542 0.2)
(0.958936 -0.031973 0.2)
(0.970625 -0.028991 0.2)
(0.894838 -11.3392 0.2)
(0.416618 -0.069777 0.2)
(0.426966 -0.070988 0.2)
(0.436701 -0.068535 0.2)
(0.446974 -0.069907 0.2)
(0.456741 -0.067554 0.2)
(0.467068 -0.068863 0.2)
(0.476866 -0.066434 0.2)
(0.487269 -0.067542 0.2)
(0.497067 -0.064906 0.2)
(0.507494 -0.065587 0.2)
(0.516457 -0.062559 0.2)
(0.523938 -0.062284 0.2)
(0.533628 -0.06489 0.2)
(0.546903 -0.064238 0.2)
(0.556146 -0.060574 0.2)
(0.563735 -0.060122 0.2)
(0.573489 -0.062856 0.2)
(0.58688 -0.06223 0.2)
(0.596958 -0.058467 0.2)
(0.607539 -0.058519 0.2)
(0.616394 -0.054916 0.2)
(0.62385 -0.054362 0.2)
(0.633578 -0.056686 0.2)
(0.646644 -0.055656 0.2)
(0.656328 -0.051904 0.2)
(0.666307 -0.051836 0.2)
(0.675007 -0.048597 0.2)
(0.68284 -0.048762 0.2)
(0.694147 -0.053669 0.2)
(0.705669 -0.047971 0.2)
(0.716281 -0.047847 0.2)
(0.725688 -0.044771 0.2)
(0.735788 -0.045255 0.2)
(0.745277 -0.04219 0.2)
(4.21525 -10.5915 0.2)
(7.16881 -8.90123 0.2)
(0.416771 0.071573 0.2)
(0.894894 11.3392 0.2)
(0.426602 0.069034 0.2)
(0.436887 0.070429 0.2)
(0.446669 0.068071 0.2)
(0.456954 0.06948 0.2)
(0.466722 0.067141 0.2)
(0.477019 0.0685 0.2)
(0.486775 0.066109 0.2)
(0.497086 0.067393 0.2)
(0.506823 0.064926 0.2)
(0.517144 0.066122 0.2)
(0.526857 0.063576 0.2)
(0.537185 0.064672 0.2)
(0.546875 0.062047 0.2)
(0.557209 0.063013 0.2)
(0.566886 0.060288 0.2)
(0.577236 0.061059 0.2)
(0.586888 0.058168 0.2)
(0.597199 0.058581 0.2)
(0.606034 0.055391 0.2)
(0.613439 0.054998 0.2)
(0.622962 0.057535 0.2)
(0.636017 0.056922 0.2)
(0.645904 0.05332 0.2)
(0.655971 0.053401 0.2)
(0.664859 0.0501 0.2)
(0.672772 0.050315 0.2)
(0.684256 0.055508 0.2)
(0.69589 0.049479 0.2)
(0.706648 0.049328 0.2)
(0.716096 0.046144 0.2)
(0.726351 0.04665 0.2)
(0.745863 0.043886 0.2)
(0.735844 0.043503 0.2)
(4.21528 10.5915 0.2)
(9.49132 -6.41686 0.2)
(7.16883 8.90123 0.2)
(10.9742 -3.3588 0.2)
(9.49133 6.41686 0.2)
(11.4838 1e-06 0.2)
(1.0075 0.009494 0.2)
(10.9742 3.3588 0.2)
(0.99014 0.022065 0.2)
(0.98023 0.018821 0.2)
(0.970849 0.020724 0.2)
(0.95994 0.020829 0.2)
(0.951236 0.019217 0.2)
(0.942943 0.022034 0.2)
(0.932887 0.023628 0.2)
(0.923369 0.024503 0.2)
(0.914154 0.026071 0.2)
(0.904413 0.027571 0.2)
(0.894425 0.028954 0.2)
(0.884437 0.030203 0.2)
(0.87448 0.031385 0.2)
(0.864564 0.032523 0.2)
(0.854667 0.033654 0.2)
(0.844777 0.034782 0.2)
(0.834874 0.035922 0.2)
(0.824943 0.03707 0.2)
(0.814939 0.038226 0.2)
(0.804782 0.039353 0.2)
(0.794304 0.040363 0.2)
(0.783224 0.040866 0.2)
(0.773764 0.039154 0.2)
(0.764672 0.041558 0.2)
(0.755075 0.040852 0.2)
(0.406349 0.070348 0.2)
(0.396092 0.073459 0.2)
(0.382735 0.073388 0.2)
(0.372402 0.070162 0.2)
(0.361813 0.071003 0.2)
(0.352654 0.068014 0.2)
(0.345102 0.067994 0.2)
(0.335346 0.070946 0.2)
(0.321857 0.070457 0.2)
(0.312524 0.066926 0.2)
(0.305042 0.066457 0.2)
(0.295751 0.068523 0.2)
(0.285579 0.066787 0.2)
(0.275644 0.068448 0.2)
(0.265589 0.066435 0.2)
(0.255699 0.068138 0.2)
(0.245511 0.066177 0.2)
(0.235168 0.068313 0.2)
(0.221903 0.067061 0.2)
(0.212571 0.062976 0.2)
(0.204908 0.062323 0.2)
(0.194946 0.064669 0.2)
(0.181347 0.063141 0.2)
(0.172133 0.058804 0.2)
(0.042375 0.045683 0.2)
(-2.4966 11.0797 0.2)
(0.052927 0.047917 0.2)
(0.063408 0.049907 0.2)
(0.073857 0.051648 0.2)
(0.08433 0.053119 0.2)
(0.094817 0.054355 0.2)
(0.105427 0.055367 0.2)
(0.11649 0.056074 0.2)
(0.125813 0.054629 0.2)
(0.13539 0.057254 0.2)
(0.14519 0.056494 0.2)
(0.155192 0.059079 0.2)
(0.164652 0.057767 0.2)
(0.031514 0.043165 0.2)
(0.019907 0.040049 0.2)
(0.008319 0.035016 0.2)
(-5.65841 9.83767 0.2)
(-0.001131 0.028899 0.2)
(-8.3111 7.72395 0.2)
(-10.2209 4.92609 0.2)
(-0.012565 0.010476 0.2)
(-11.2197 1.69194 0.2)
(-11.2197 -1.69206 0.2)
(-0.012396 -0.010933 0.2)
(-10.2209 -4.92619 0.2)
(-8.3112 -7.72403 0.2)
(-0.000855 -0.029018 0.2)
(-5.65851 -9.83772 0.2)
(0.008462 -0.035036 0.2)
(-2.49668 -11.0797 0.2)
(0.031414 -0.04318 0.2)
(0.019896 -0.040052 0.2)
(0.042225 -0.045729 0.2)
(0.052745 -0.048009 0.2)
(0.063205 -0.050063 0.2)
(0.073663 -0.051879 0.2)
(0.084203 -0.053432 0.2)
(0.094813 -0.054708 0.2)
(0.105602 -0.055647 0.2)
(0.116841 -0.056071 0.2)
(0.126115 -0.054263 0.2)
(0.135532 -0.056302 0.2)
(0.144479 -0.055124 0.2)
(0.152103 -0.056946 0.2)
(0.162357 -0.064046 0.2)
(0.174812 -0.060818 0.2)
(0.406567 -0.07283 0.2)
(0.393379 -0.072956 0.2)
(0.382987 -0.070013 0.2)
(0.372452 -0.071058 0.2)
(0.363155 -0.068226 0.2)
(0.355603 -0.068268 0.2)
(0.34599 -0.071279 0.2)
(0.332529 -0.07083 0.2)
(0.323073 -0.067325 0.2)
(0.315589 -0.066954 0.2)
(0.306408 -0.069332 0.2)
(0.296006 -0.067956 0.2)
(0.285677 -0.070386 0.2)
(0.272385 -0.069516 0.2)
(0.262964 -0.065757 0.2)
(0.255326 -0.065313 0.2)
(0.245573 -0.067918 0.2)
(0.232 -0.066914 0.2)
(0.222585 -0.062927 0.2)
(0.215054 -0.062135 0.2)
(0.205594 -0.063814 0.2)
(0.195383 -0.061568 0.2)
(0.18541 -0.062788 0.2)
(0.755144 -0.042582 0.2)
(0.764391 -0.03964 0.2)
(0.773822 -0.040421 0.2)
(0.782959 -0.038133 0.2)
(0.792241 -0.040035 0.2)
(0.803359 -0.039765 0.2)
(0.814004 -0.03891 0.2)
(0.824372 -0.037815 0.2)
(0.834585 -0.036576 0.2)
(0.844664 -0.035275 0.2)
(0.854659 -0.03396 0.2)
(0.864586 -0.032688 0.2)
(0.874488 -0.031421 0.2)
(0.884367 -0.030154 0.2)
(0.894185 -0.028823 0.2)
(0.903734 -0.027466 0.2)
(0.912769 -0.026185 0.2)
(0.922115 -0.025901 0.2)
(0.932454 -0.025405 0.2)
(0.942805 -0.023816 0.2)
(0.952688 -0.022367 0.2)
(0.962615 -0.020946 0.2)
(0.971084 -0.018684 0.2)
(0.980405 -0.021434 0.2)
(0.995633 -0.009211 0.2)
(3.39481 -14.7668 0.2)
(7.60559 -13.1205 0.2)
(3.39484 14.7668 0.2)
(11.1439 -10.3071 0.2)
(7.6056 13.1205 0.2)
(13.6944 -6.57605 0.2)
(11.144 10.3071 0.2)
(15.0293 -2.25914 0.2)
(13.6944 6.57605 0.2)
(15.0293 2.25914 0.2)
(0.996558 0.011003 0.2)
(0.985435 0.010565 0.2)
(0.975365 0.010534 0.2)
(0.965336 0.011099 0.2)
(0.955501 0.011283 0.2)
(0.946105 0.011976 0.2)
(0.93652 0.013268 0.2)
(0.92672 0.014345 0.2)
(0.917023 0.015408 0.2)
(0.907289 0.016582 0.2)
(0.897417 0.017745 0.2)
(0.887485 0.018869 0.2)
(0.877554 0.019958 0.2)
(0.867639 0.021034 0.2)
(0.857739 0.022109 0.2)
(0.847845 0.023193 0.2)
(0.83795 0.024289 0.2)
(0.828045 0.025397 0.2)
(0.818113 0.026516 0.2)
(0.808122 0.027628 0.2)
(0.79802 0.028688 0.2)
(0.787775 0.029563 0.2)
(0.777732 0.029999 0.2)
(0.768054 0.030717 0.2)
(0.758406 0.031672 0.2)
(0.748727 0.032782 0.2)
(0.738961 0.033968 0.2)
(0.729127 0.035178 0.2)
(0.719243 0.036375 0.2)
(0.709337 0.037605 0.2)
(0.699281 0.039007 0.2)
(0.688824 0.040745 0.2)
(0.67829 0.041483 0.2)
(0.668441 0.041225 0.2)
(0.659082 0.042254 0.2)
(0.649391 0.043528 0.2)
(0.639388 0.04488 0.2)
(0.628852 0.04618 0.2)
(0.61845 0.046425 0.2)
(0.609044 0.046603 0.2)
(0.599838 0.047719 0.2)
(0.590142 0.048835 0.2)
(0.580221 0.049873 0.2)
(0.570255 0.050815 0.2)
(0.56028 0.051694 0.2)
(0.550307 0.052514 0.2)
(0.540332 0.053291 0.2)
(0.530358 0.054026 0.2)
(0.520379 0.054726 0.2)
(0.5104 0.055389 0.2)
(0.500415 0.056016 0.2)
(0.490429 0.056605 0.2)
(0.480439 0.057155 0.2)
(0.470448 0.057666 0.2)
(0.460455 0.058142 0.2)
(0.450461 0.058583 0.2)
(0.440464 0.059001 0.2)
(0.430464 0.059401 0.2)
(0.420449 0.059812 0.2)
(0.410383 0.06025 0.2)
(0.400154 0.060774 0.2)
(0.389409 0.061314 0.2)
(0.378651 0.060783 0.2)
(0.368411 0.060214 0.2)
(0.358539 0.059664 0.2)
(0.349203 0.059115 0.2)
(0.339688 0.059519 0.2)
(0.329163 0.059801 0.2)
(0.318709 0.058958 0.2)
(0.309285 0.058061 0.2)
(0.299962 0.058056 0.2)
(0.290175 0.057952 0.2)
(0.280202 0.057731 0.2)
(0.27022 0.057422 0.2)
(0.260239 0.057087 0.2)
(0.250212 0.056753 0.2)
(0.240024 0.056467 0.2)
(0.229341 0.056121 0.2)
(0.218907 0.054732 0.2)
(0.20943 0.053434 0.2)
(0.199846 0.053182 0.2)
(0.189277 0.052757 0.2)
(0.178841 0.051177 0.2)
(-1.11355 15.1008 0.2)
(0.169455 0.049615 0.2)
(0.160131 0.04895 0.2)
(0.150374 0.048133 0.2)
(0.140499 0.047168 0.2)
(0.130683 0.046166 0.2)
(0.120915 0.045286 0.2)
(0.110872 0.044646 0.2)
(0.100591 0.043567 0.2)
(0.090388 0.042265 0.2)
(0.080237 0.040788 0.2)
(0.070114 0.039128 0.2)
(0.060004 0.037274 0.2)
(0.049875 0.035207 0.2)
(0.039664 0.032881 0.2)
(0.029268 0.030152 0.2)
(0.018805 0.026667 0.2)
(-5.51898 14.0937 0.2)
(0.008709 0.022272 0.2)
(-9.43057 11.8354 0.2)
(-12.5017 8.52676 0.2)
(-14.4603 4.46134 0.2)
(-0.001685 0.017489 0.2)
(-15.133 -2.3e-05 0.2)
(-0.00861 -0.000146 0.2)
(-14.4603 -4.46138 0.2)
(-12.5017 -8.5268 0.2)
(-0.001506 -0.017631 0.2)
(-9.43063 -11.8355 0.2)
(0.008812 -0.022283 0.2)
(-5.51904 -14.0937 0.2)
(0.018841 -0.026646 0.2)
(0.029251 -0.030134 0.2)
(0.039617 -0.032876 0.2)
(0.049811 -0.03522 0.2)
(0.059927 -0.037311 0.2)
(0.070034 -0.039194 0.2)
(0.080169 -0.040884 0.2)
(0.090356 -0.042383 0.2)
(0.100619 -0.043671 0.2)
(0.110967 -0.04467 0.2)
(0.121027 -0.045162 0.2)
(0.130717 -0.045834 0.2)
(0.140251 -0.04664 0.2)
(0.149514 -0.047614 0.2)
(0.159095 -0.049835 0.2)
(0.169556 -0.051237 0.2)
(-1.11359 -15.1008 0.2)
(0.180148 -0.051654 0.2)
(0.190319 -0.052232 0.2)
(0.200323 -0.052848 0.2)
(0.210137 -0.05336 0.2)
(0.219489 -0.053748 0.2)
(0.228931 -0.05504 0.2)
(0.239404 -0.056311 0.2)
(0.24994 -0.056445 0.2)
(0.259489 -0.056457 0.2)
(0.268983 -0.057508 0.2)
(0.279449 -0.058618 0.2)
(0.290147 -0.058673 0.2)
(0.300346 -0.058617 0.2)
(0.310185 -0.058533 0.2)
(0.3195 -0.058419 0.2)
(0.328944 -0.05926 0.2)
(0.339411 -0.060066 0.2)
(0.349907 -0.059741 0.2)
(0.3594 -0.059287 0.2)
(0.368759 -0.059763 0.2)
(0.37865 -0.060209 0.2)
(0.388892 -0.060645 0.2)
(0.399624 -0.061048 0.2)
(0.410298 -0.060441 0.2)
(0.420467 -0.05989 0.2)
(0.430494 -0.059435 0.2)
(0.440486 -0.059005 0.2)
(0.450478 -0.058574 0.2)
(0.460481 -0.058109 0.2)
(0.470491 -0.0576 0.2)
(0.480514 -0.057023 0.2)
(0.490534 -0.056367 0.2)
(0.50052 -0.055594 0.2)
(0.51028 -0.054713 0.2)
(0.519544 -0.053792 0.2)
(0.52901 -0.053774 0.2)
(0.539463 -0.053651 0.2)
(0.549846 -0.052457 0.2)
(0.55928 -0.051285 0.2)
(0.568806 -0.051172 0.2)
(0.579333 -0.051016 0.2)
(0.589996 -0.049751 0.2)
(0.600151 -0.048414 0.2)
(0.609929 -0.047096 0.2)
(0.619161 -0.045837 0.2)
(0.628614 -0.045555 0.2)
(0.639053 -0.045177 0.2)
(0.649555 -0.043757 0.2)
(0.659501 -0.042336 0.2)
(0.669135 -0.041035 0.2)
(0.67844 -0.039995 0.2)
(0.68824 -0.040199 0.2)
(0.69872 -0.039466 0.2)
(0.709126 -0.037782 0.2)
(0.719143 -0.036405 0.2)
(0.729009 -0.035189 0.2)
(0.738859 -0.033999 0.2)
(0.74866 -0.032798 0.2)
(0.758399 -0.031625 0.2)
(0.768049 -0.030544 0.2)
(0.777669 -0.029627 0.2)
(0.787315 -0.02897 0.2)
(0.797334 -0.028616 0.2)
(0.807614 -0.027815 0.2)
(0.817789 -0.026792 0.2)
(0.827862 -0.025674 0.2)
(0.837865 -0.024515 0.2)
(0.84782 -0.02335 0.2)
(0.857742 -0.022201 0.2)
(0.867647 -0.021073 0.2)
(0.87754 -0.019955 0.2)
(0.887409 -0.018833 0.2)
(0.897197 -0.017708 0.2)
(0.906841 -0.016635 0.2)
(0.91647 -0.015786 0.2)
(0.926347 -0.015083 0.2)
(0.936426 -0.01417 0.2)
(0.946447 -0.013074 0.2)
(0.956353 -0.011991 0.2)
(0.966008 -0.010925 0.2)
(0.97567 -0.010656 0.2)
(0.986212 -0.010834 0.2)
(20 0 0.2)
(1 0 0.2)
(19.1115 -5.89511 0.2)
(16.5248 -11.2664 0.2)
(12.4698 -15.6366 0.2)
(7.30681 -18.6175 0.2)
(1.4946 -19.9441 0.2)
(-4.45042 -19.4986 0.2)
(-10 -17.3205 0.2)
(-14.661 -13.6035 0.2)
(-18.0194 -8.67766 0.2)
(-19.7766 -2.98083 0.2)
(-19.7766 2.98085 0.2)
(-18.0194 8.67769 0.2)
(-14.661 13.6035 0.2)
(-9.99998 17.3205 0.2)
(-4.4504 19.4986 0.2)
(1.49462 19.9441 0.2)
(7.30682 18.6175 0.2)
(12.4698 15.6366 0.2)
(16.5248 11.2664 0.2)
(19.1115 5.89511 0.2)
(0.990037 0.000229 0.2)
(0.980079 0.000636 0.2)
(0.970127 0.001159 0.2)
(0.96018 0.001768 0.2)
(0.950238 0.002456 0.2)
(0.9403 0.003206 0.2)
(0.930367 0.004007 0.2)
(0.920437 0.004852 0.2)
(0.910511 0.00574 0.2)
(0.900588 0.006664 0.2)
(0.890668 0.007617 0.2)
(0.88075 0.008595 0.2)
(0.870834 0.009594 0.2)
(0.860921 0.010614 0.2)
(0.85101 0.011654 0.2)
(0.8411 0.012712 0.2)
(0.831192 0.013784 0.2)
(0.821286 0.014868 0.2)
(0.81138 0.015964 0.2)
(0.801476 0.017066 0.2)
(0.791571 0.01817 0.2)
(0.781667 0.019274 0.2)
(0.771762 0.020378 0.2)
(0.761858 0.021482 0.2)
(0.751954 0.02259 0.2)
(0.742049 0.023693 0.2)
(0.732143 0.024784 0.2)
(0.722236 0.025866 0.2)
(0.712329 0.026946 0.2)
(0.702422 0.02802 0.2)
(0.692512 0.029077 0.2)
(0.682601 0.030119 0.2)
(0.672688 0.031149 0.2)
(0.662775 0.032167 0.2)
(0.65286 0.033172 0.2)
(0.642943 0.03416 0.2)
(0.633025 0.035129 0.2)
(0.623104 0.036077 0.2)
(0.613182 0.037006 0.2)
(0.603257 0.037915 0.2)
(0.593332 0.038807 0.2)
(0.583404 0.039678 0.2)
(0.573474 0.040521 0.2)
(0.563541 0.041336 0.2)
(0.553607 0.042125 0.2)
(0.54367 0.042886 0.2)
(0.533731 0.043618 0.2)
(0.52379 0.04432 0.2)
(0.513847 0.044994 0.2)
(0.503902 0.045637 0.2)
(0.493955 0.046244 0.2)
(0.484005 0.046812 0.2)
(0.474054 0.047341 0.2)
(0.4641 0.04783 0.2)
(0.454144 0.048279 0.2)
(0.444187 0.048684 0.2)
(0.434227 0.049041 0.2)
(0.424266 0.049346 0.2)
(0.414303 0.049595 0.2)
(0.404339 0.049786 0.2)
(0.394374 0.049917 0.2)
(0.384409 0.049988 0.2)
(0.374443 0.049999 0.2)
(0.364477 0.049955 0.2)
(0.354512 0.049866 0.2)
(0.344547 0.049735 0.2)
(0.334583 0.049558 0.2)
(0.324619 0.049337 0.2)
(0.314657 0.049075 0.2)
(0.304696 0.048775 0.2)
(0.294736 0.048437 0.2)
(0.284777 0.048058 0.2)
(0.27482 0.047633 0.2)
(0.264865 0.047163 0.2)
(0.254913 0.046656 0.2)
(0.244962 0.04611 0.2)
(0.235014 0.045515 0.2)
(0.225069 0.044868 0.2)
(0.215127 0.044175 0.2)
(0.205188 0.043441 0.2)
(0.195253 0.042663 0.2)
(0.185322 0.041836 0.2)
(0.175395 0.040953 0.2)
(0.165474 0.040012 0.2)
(0.155557 0.039018 0.2)
(0.145647 0.037968 0.2)
(0.135744 0.036851 0.2)
(0.125849 0.035664 0.2)
(0.115963 0.03441 0.2)
(0.106085 0.033084 0.2)
(0.096222 0.031663 0.2)
(0.08637 0.030157 0.2)
(0.076538 0.028534 0.2)
(0.066725 0.026792 0.2)
(0.056943 0.024892 0.2)
(0.047198 0.022805 0.2)
(0.037507 0.020483 0.2)
(0.02789 0.017869 0.2)
(0.018399 0.014832 0.2)
(0.009252 0.010897 0.2)
(0.001583 0.004673 0.2)
(0.001583 -0.004673 0.2)
(0.009253 -0.010897 0.2)
(0.018399 -0.014832 0.2)
(0.02789 -0.01787 0.2)
(0.037507 -0.020483 0.2)
(0.047198 -0.022805 0.2)
(0.056943 -0.024892 0.2)
(0.066726 -0.026792 0.2)
(0.076538 -0.028534 0.2)
(0.08637 -0.030157 0.2)
(0.096222 -0.031663 0.2)
(0.106086 -0.033084 0.2)
(0.115963 -0.03441 0.2)
(0.125849 -0.035664 0.2)
(0.135744 -0.036851 0.2)
(0.145647 -0.037968 0.2)
(0.155557 -0.039018 0.2)
(0.165473 -0.040012 0.2)
(0.175395 -0.040953 0.2)
(0.185322 -0.041836 0.2)
(0.195253 -0.042663 0.2)
(0.205189 -0.043441 0.2)
(0.215127 -0.044175 0.2)
(0.225069 -0.044868 0.2)
(0.235014 -0.045515 0.2)
(0.244962 -0.04611 0.2)
(0.254913 -0.046657 0.2)
(0.264866 -0.047164 0.2)
(0.27482 -0.047633 0.2)
(0.284777 -0.048058 0.2)
(0.294735 -0.048437 0.2)
(0.304696 -0.048775 0.2)
(0.314657 -0.049075 0.2)
(0.324619 -0.049337 0.2)
(0.334583 -0.049558 0.2)
(0.344547 -0.049735 0.2)
(0.354512 -0.049866 0.2)
(0.364478 -0.049955 0.2)
(0.374443 -0.049999 0.2)
(0.384409 -0.049988 0.2)
(0.394374 -0.049917 0.2)
(0.40434 -0.049786 0.2)
(0.414303 -0.049595 0.2)
(0.424266 -0.049346 0.2)
(0.434227 -0.049041 0.2)
(0.444186 -0.048684 0.2)
(0.454144 -0.048279 0.2)
(0.4641 -0.04783 0.2)
(0.474054 -0.047341 0.2)
(0.484005 -0.046812 0.2)
(0.493955 -0.046244 0.2)
(0.503902 -0.045637 0.2)
(0.513847 -0.044994 0.2)
(0.523791 -0.04432 0.2)
(0.533732 -0.043618 0.2)
(0.543671 -0.042886 0.2)
(0.553607 -0.042125 0.2)
(0.563541 -0.041336 0.2)
(0.573474 -0.040521 0.2)
(0.583404 -0.039678 0.2)
(0.593331 -0.038807 0.2)
(0.603257 -0.037915 0.2)
(0.613182 -0.037006 0.2)
(0.623104 -0.036077 0.2)
(0.633025 -0.035129 0.2)
(0.642944 -0.03416 0.2)
(0.65286 -0.033172 0.2)
(0.662775 -0.032167 0.2)
(0.672688 -0.031149 0.2)
(0.682601 -0.030119 0.2)
(0.692512 -0.029077 0.2)
(0.702422 -0.02802 0.2)
(0.71233 -0.026946 0.2)
(0.722237 -0.025866 0.2)
(0.732143 -0.024784 0.2)
(0.742049 -0.023693 0.2)
(0.751954 -0.02259 0.2)
(0.761858 -0.021482 0.2)
(0.771762 -0.020378 0.2)
(0.781666 -0.019274 0.2)
(0.791571 -0.01817 0.2)
(0.801475 -0.017066 0.2)
(0.81138 -0.015964 0.2)
(0.821286 -0.014868 0.2)
(0.831192 -0.013784 0.2)
(0.8411 -0.012712 0.2)
(0.85101 -0.011654 0.2)
(0.860921 -0.010614 0.2)
(0.870834 -0.009594 0.2)
(0.88075 -0.008595 0.2)
(0.890667 -0.007617 0.2)
(0.900588 -0.006664 0.2)
(0.910511 -0.00574 0.2)
(0.920437 -0.004852 0.2)
(0.930367 -0.004007 0.2)
(0.9403 -0.003206 0.2)
(0.950238 -0.002455 0.2)
(0.96018 -0.001768 0.2)
(0.970127 -0.001159 0.2)
(0.980079 -0.000636 0.2)
(0.990037 -0.000229 0.2)
)


// ************************************************************************* //
